 0.004393507210900  0.001716032548965  0.025981027598874
 0.001716032548965  0.003176401938753  0.016947275643776
 0.025981027598874  0.016947275643776 -0.007569909149653
-0.002378559276085 -0.005528781067810  0.000570160998781
-0.005528781067810 -0.004386408141102 -0.006713091306787
 0.000570160998781 -0.006713091306787  0.006764967417186
-0.010588903195489 -0.017932402555508  0.007327363308933
-0.017932402555508  0.002325377774789 -0.000764467018138
 0.007327363308933 -0.000764467018138  0.008263525420700
 0.010997343445396 -0.009726275738173  0.018520645841251
-0.009726275738173 -0.005684963589175  0.006064817414540
 0.018520645841251  0.006064817414540 -0.005312379856221
 0.006583403867997  0.004305968384873 -0.012709447146244
 0.004305968384873  0.013592542713793 -0.008444335002986
-0.012709447146244 -0.008444335002986 -0.020175946581789
 0.007101577315775  0.004762198834656  0.000465391265512
 0.004762198834656 -0.010235820943271  0.010422666198514
 0.000465391265512  0.010422666198514  0.003134243627496
-0.002792209499131  0.015922213620026  0.008291263639754
 0.015922213620026  0.007593788519919  0.013029302204317
 0.008291263639754  0.013029302204317 -0.004801579020787
-0.020620512352911  0.013338410680803  0.015706563584271
 0.013338410680803 -0.000269802246628  0.018760679951221
 0.015706563584271  0.018760679951221  0.020890314599539
-0.003658313683940  0.015144055893165 -0.001733355591298
 0.015144055893165  0.003192929867187  0.009848151971543
-0.001733355591298  0.009848151971543  0.000465383816753