 0.000007740540078 -0.000014850723642  0.000016822214900
-0.000014850723642 -0.000027411202755  0.000063781752199
 0.000016822214900  0.000063781752199  0.000019670662677
-0.000005863437053 -0.000001896865268 -0.000005491089386
-0.000001896865268 -0.000001535299233 -0.000001757484039
-0.000005491089386 -0.000001757484039  0.000007398736286
-0.000026388516889 -0.000001996591484  0.000008911107943
-0.000001996591484 -0.000008326183448  0.000019102022726
 0.000008911107943  0.000019102022726  0.000034714700337
 0.000027146544043 -0.000011140282978  0.000007820758277
-0.000011140282978 -0.000040688509681  0.000046215301582
 0.000007820758277  0.000046215301582  0.000013541965638
 0.000013266531024  0.000024470034601 -0.000021706325326
 0.000024470034601  0.000031892694619 -0.000053362764903
-0.000021706325326 -0.000053362764903 -0.000045159225643
 0.000022170732008 -0.000012339330507  0.000016527195907
-0.000012339330507 -0.000027642005716  0.000024084653458
 0.000016527195907  0.000024084653458  0.000005471273708
-0.000009897643308 -0.000005500652617  0.000009117530707
-0.000005500652617  0.000010147480035  0.000020603954282
 0.000009117530707  0.000020603954282 -0.000000249836727
-0.000052227908931 -0.000025304326418  0.000028980082388
-0.000025304326418  0.000002218715849  0.000058006876527
 0.000028980082388  0.000058006876527  0.000050009193083
-0.000009127589476 -0.000003825345244  0.000009355183334
-0.000003825345244  0.000011527214658  0.000004537545690
 0.000009355183334  0.000004537545690 -0.000002399625182