 0.687880948266770  0.223665964958477  0.167867971956611
 0.223665964958477 -1.511431322247122  0.057315844021024
 0.167867971956611  0.057315844021024  0.823550373980351
 2.214117526468787  0.280774373136068  0.469648556790328
 0.280774373136068  0.529880248672468  0.919510169785215
 0.469648556790328  0.919510169785215 -2.743997775141255
-0.360824103828433 -0.287697806669238  1.163751339186374
-0.287697806669238 -1.054556558753486  0.013049176463435
 1.163751339186374  0.013049176463435  1.415380662581919
-1.238599575750770  0.759086462979571  1.593496657418024
 0.759086462979571 -0.411674123323794  0.427742462776752
 1.593496657418024  0.427742462776752  1.650273699074564
 1.174243052857090  1.606827615901313  0.989349301343852
 1.606827615901313 -0.542066099280202  1.009606192739151
 0.989349301343852  1.009606192739151 -0.632176953576888
-0.275442759329537  0.504597862118277  0.998348956267074
 0.504597862118277  0.250837249318821  0.307204672897320
 0.998348956267074  0.307204672897320  0.024605510010716
-0.070213146260208 -1.611838401537920 -0.431029246384292
-1.611838401537920  0.353347723623963  1.410928036608389
-0.431029246384292  1.410928036608389 -0.283134577363754
-1.853734235496436  0.118539832249450  0.817169665646376
 0.118539832249450 -0.275401880114039  0.451322142246357
 0.817169665646376  0.451322142246357  2.129136115610475
 0.102670788384565  1.147988958974706  0.093522287370724
 1.147988958974706  0.296124902734084  1.014727076012432
 0.093522287370724  1.014727076012432 -0.398795691118649
