 0.026031100928962  0.023213398177834  0.001391388471797
 0.023213398177834 -0.075344374675596 -0.009280200715021
 0.001391388471797 -0.009280200715021  0.049313273746634
-0.007853773700294 -0.000704585955815  0.024457807071163
-0.000704585955815  0.082217708984711  0.016043245976807
 0.024457807071163  0.016043245976807 -0.074363935284417
 0.003288074240253 -0.018563606201291 -0.007748816491150
-0.018563606201291  0.006571414984085  0.019777323999110
-0.007748816491150  0.019777323999110 -0.009859489224339
-0.011617584165776 -0.042776056330579 -0.059173848956474
-0.042776056330579  0.076656315475613  0.009729245030130
-0.059173848956474  0.009729245030130 -0.065038731309837
-0.011895639498359 -0.015312014071325  0.011958715647390
-0.015312014071325  0.066991877154454  0.014841320741236
 0.011958715647390  0.014841320741236 -0.055096237656095
 0.014068337661507 -0.027121035668483 -0.039374704190120
-0.027121035668483 -0.025683963568747 -0.001228126703493
-0.039374704190120 -0.001228126703493  0.011615625907240
 0.004484052822580  0.022236886428342  0.027239128587771
 0.022236886428342 -0.032907953014534 -0.012662692955654
 0.027239128587771 -0.012662692955654  0.028423900191954
-0.010768032327440 -0.015336642426789  0.012735862995079
-0.015336642426789  0.045556150587876  0.003285131040206
 0.012735862995079  0.003285131040206 -0.034788118260436
 0.013697790509825 -0.022998325001373 -0.047237165426791
-0.022998325001373 -0.094322191643109 -0.045356204436296
-0.047237165426791 -0.045356204436296  0.080624401133283
