-0.097401105734642 -0.029128055392725  0.000746005142537
-0.029128055392725  0.078597240506320 -0.007672124918724
 0.000746005142537 -0.007672124918724  0.018803865220706
-0.214946024861362  0.022013788996424 -0.066447300188802
 0.022013788996424 -0.044789623357732  0.310597445265301
-0.066447300188802  0.310597445265301  0.259735648224468
 0.207159479504366  0.151951931835629 -0.044729127945316
 0.151951931835629  0.080427974276214 -0.468533251419247
-0.044729127945316 -0.468533251419247 -0.287587453777830
 0.071995492588411 -0.085033553944701  0.104352738873797
-0.085033553944701 -0.128273385500504  0.133006304611818
 0.104352738873797  0.133006304611818  0.056277892910292
-0.052294249676623  0.083760457649084 -0.066358814982216
 0.083760457649084 -0.017473149030198  0.055473933860116
-0.066358814982216  0.055473933860116  0.069767398706646
 0.006527094313162  0.063023666181198 -0.007526992082283
 0.063023666181198  0.053224899037456 -0.121297826373121
-0.007526992082283 -0.121297826373121 -0.059751993343096
-0.155754774536370 -0.010861023174237 -0.041419046261981
-0.010861023174237  0.026780007811462  0.173364518041160
-0.041419046261981  0.173364518041160  0.128974766730941
-0.132174306944042  0.086740866682944 -0.084478553256838
 0.086740866682944 -0.007534529740998  0.160085718527070
-0.084478553256838  0.160085718527070  0.139708836684683
-0.233355058967007 -0.032346136066749  0.005143455800049
-0.032346136066749  0.023599792711321  0.337817356765657
 0.005143455800049  0.337817356765657  0.209755266254702
