{
 "cells": [
  {
   "cell_type": "code",
   "execution_count": 1,
   "id": "50b8c2a7",
   "metadata": {},
   "outputs": [],
   "source": [
    "import numpy as np\n",
    "import matplotlib.pyplot as plt\n",
    "import pandas as pd\n",
    "from pandas import DataFrame as DF\n",
    "from sympy import diff\n",
    "from sympy.abc import x,y\n",
    "from sympy import cos\n",
    "from sympy import *\n",
    "from sympy import lambdify\n",
    "from itertools import product\n",
    "import random\n",
    "from scipy.linalg import norm"
   ]
  },
  {
   "cell_type": "markdown",
   "id": "7669ad9a",
   "metadata": {},
   "source": [
    "**Define path.**"
   ]
  },
  {
   "cell_type": "code",
   "execution_count": 2,
   "id": "37bb2de1",
   "metadata": {},
   "outputs": [],
   "source": [
    "# Defining path to folder raw data is saved in\n",
    "path = \"C:/Users/robtk/OneDrive/Desktop/DIAS Internship/Raw data/Harmonic oscillator warm up/\""
   ]
  },
  {
   "cell_type": "markdown",
   "id": "1ac5861a",
   "metadata": {},
   "source": [
    "### Set display of pandas dataframes and Series to 11 decimal places"
   ]
  },
  {
   "cell_type": "code",
   "execution_count": 3,
   "id": "4f450dbb",
   "metadata": {},
   "outputs": [],
   "source": [
    "pd.set_option(\"display.precision\", 11)"
   ]
  },
  {
   "cell_type": "code",
   "execution_count": null,
   "id": "22f0bc7a",
   "metadata": {},
   "outputs": [],
   "source": []
  },
  {
   "cell_type": "markdown",
   "id": "8cd13fa6",
   "metadata": {},
   "source": [
    "**Read in the outputs for 2 2x2 matrices**"
   ]
  },
  {
   "cell_type": "code",
   "execution_count": 4,
   "id": "a24399d2",
   "metadata": {},
   "outputs": [],
   "source": [
    "X2_by_2 = pd.read_pickle(path+\"X.pkl\")\n",
    "V2_by_2 = pd.read_pickle(path+\"V.pkl\")\n",
    "\n",
    "X2 = pd.read_pickle(path+\"Xb.pkl\")\n",
    "V2 = pd.read_pickle(path+\"Vb.pkl\")\n",
    "\n",
    "X_test = pd.read_pickle(path+\"X_test.pkl\")\n",
    "V_test = pd.read_pickle(path+\"V_test.pkl\")\n",
    "\n",
    "X_test = pd.read_pickle(path+\"X_test9.pkl\")\n",
    "V_test = pd.read_pickle(path+\"V_test9.pkl\")\n"
   ]
  },
  {
   "cell_type": "code",
   "execution_count": 8,
   "id": "4c91e6d3",
   "metadata": {},
   "outputs": [],
   "source": [
    "A_list3 = pd.read_csv(path + \"A_vector_initial.txt\", sep = \";\",\n",
    "                        names = [\"A1\", \"A2\", \"A3\", \"A4\", \"A5\", \"A6\", \"A7\", \"A8\", \"A9\"],\n",
    "                      index_col=False)"
   ]
  },
  {
   "cell_type": "code",
   "execution_count": 9,
   "id": "ed286807",
   "metadata": {},
   "outputs": [
    {
     "name": "stderr",
     "output_type": "stream",
     "text": [
      "<ipython-input-9-9f5b6aa4e332>:1: ParserWarning: Falling back to the 'python' engine because the 'c' engine does not support regex separators (separators > 1 char and different from '\\s+' are interpreted as regex); you can avoid this warning by specifying engine='python'.\n",
      "  X_list3 = pd.read_csv(path + \"X_vector_initial.txt\", sep = \"\\s+;,\",\n"
     ]
    },
    {
     "data": {
      "text/plain": [
       "'0.004140886653359  0.002255679494230  0.025393301532669'"
      ]
     },
     "execution_count": 9,
     "metadata": {},
     "output_type": "execute_result"
    }
   ],
   "source": [
    "X_list3 = pd.read_csv(path + \"X_vector_initial.txt\", sep = \"\\s+;,\",\n",
    "                      names = [\"X1\", \"X2\", \"X3\", \"X4\", \"X5\", \"X6\", \"X7\", \"X8\", \"X9\"],\n",
    "                      index_col=False)\n",
    "X_list3[\"X1\"][0]"
   ]
  },
  {
   "cell_type": "code",
   "execution_count": 91,
   "id": "2032aa18",
   "metadata": {
    "scrolled": false
   },
   "outputs": [
    {
     "ename": "ValueError",
     "evalue": "Shape of passed values is (15, 9), indices imply (101, 9)",
     "output_type": "error",
     "traceback": [
      "\u001b[1;31m---------------------------------------------------------------------------\u001b[0m",
      "\u001b[1;31mValueError\u001b[0m                                Traceback (most recent call last)",
      "\u001b[1;32m~\\anaconda3\\lib\\site-packages\\pandas\\core\\internals\\managers.py\u001b[0m in \u001b[0;36mcreate_block_manager_from_arrays\u001b[1;34m(arrays, names, axes)\u001b[0m\n\u001b[0;32m   1701\u001b[0m         \u001b[0mblocks\u001b[0m \u001b[1;33m=\u001b[0m \u001b[0m_form_blocks\u001b[0m\u001b[1;33m(\u001b[0m\u001b[0marrays\u001b[0m\u001b[1;33m,\u001b[0m \u001b[0mnames\u001b[0m\u001b[1;33m,\u001b[0m \u001b[0maxes\u001b[0m\u001b[1;33m)\u001b[0m\u001b[1;33m\u001b[0m\u001b[1;33m\u001b[0m\u001b[0m\n\u001b[1;32m-> 1702\u001b[1;33m         \u001b[0mmgr\u001b[0m \u001b[1;33m=\u001b[0m \u001b[0mBlockManager\u001b[0m\u001b[1;33m(\u001b[0m\u001b[0mblocks\u001b[0m\u001b[1;33m,\u001b[0m \u001b[0maxes\u001b[0m\u001b[1;33m)\u001b[0m\u001b[1;33m\u001b[0m\u001b[1;33m\u001b[0m\u001b[0m\n\u001b[0m\u001b[0;32m   1703\u001b[0m         \u001b[0mmgr\u001b[0m\u001b[1;33m.\u001b[0m\u001b[0m_consolidate_inplace\u001b[0m\u001b[1;33m(\u001b[0m\u001b[1;33m)\u001b[0m\u001b[1;33m\u001b[0m\u001b[1;33m\u001b[0m\u001b[0m\n",
      "\u001b[1;32m~\\anaconda3\\lib\\site-packages\\pandas\\core\\internals\\managers.py\u001b[0m in \u001b[0;36m__init__\u001b[1;34m(self, blocks, axes, do_integrity_check)\u001b[0m\n\u001b[0;32m    142\u001b[0m         \u001b[1;32mif\u001b[0m \u001b[0mdo_integrity_check\u001b[0m\u001b[1;33m:\u001b[0m\u001b[1;33m\u001b[0m\u001b[1;33m\u001b[0m\u001b[0m\n\u001b[1;32m--> 143\u001b[1;33m             \u001b[0mself\u001b[0m\u001b[1;33m.\u001b[0m\u001b[0m_verify_integrity\u001b[0m\u001b[1;33m(\u001b[0m\u001b[1;33m)\u001b[0m\u001b[1;33m\u001b[0m\u001b[1;33m\u001b[0m\u001b[0m\n\u001b[0m\u001b[0;32m    144\u001b[0m \u001b[1;33m\u001b[0m\u001b[0m\n",
      "\u001b[1;32m~\\anaconda3\\lib\\site-packages\\pandas\\core\\internals\\managers.py\u001b[0m in \u001b[0;36m_verify_integrity\u001b[1;34m(self)\u001b[0m\n\u001b[0;32m    322\u001b[0m             \u001b[1;32mif\u001b[0m \u001b[0mblock\u001b[0m\u001b[1;33m.\u001b[0m\u001b[0mshape\u001b[0m\u001b[1;33m[\u001b[0m\u001b[1;36m1\u001b[0m\u001b[1;33m:\u001b[0m\u001b[1;33m]\u001b[0m \u001b[1;33m!=\u001b[0m \u001b[0mmgr_shape\u001b[0m\u001b[1;33m[\u001b[0m\u001b[1;36m1\u001b[0m\u001b[1;33m:\u001b[0m\u001b[1;33m]\u001b[0m\u001b[1;33m:\u001b[0m\u001b[1;33m\u001b[0m\u001b[1;33m\u001b[0m\u001b[0m\n\u001b[1;32m--> 323\u001b[1;33m                 \u001b[1;32mraise\u001b[0m \u001b[0mconstruction_error\u001b[0m\u001b[1;33m(\u001b[0m\u001b[0mtot_items\u001b[0m\u001b[1;33m,\u001b[0m \u001b[0mblock\u001b[0m\u001b[1;33m.\u001b[0m\u001b[0mshape\u001b[0m\u001b[1;33m[\u001b[0m\u001b[1;36m1\u001b[0m\u001b[1;33m:\u001b[0m\u001b[1;33m]\u001b[0m\u001b[1;33m,\u001b[0m \u001b[0mself\u001b[0m\u001b[1;33m.\u001b[0m\u001b[0maxes\u001b[0m\u001b[1;33m)\u001b[0m\u001b[1;33m\u001b[0m\u001b[1;33m\u001b[0m\u001b[0m\n\u001b[0m\u001b[0;32m    324\u001b[0m         \u001b[1;32mif\u001b[0m \u001b[0mlen\u001b[0m\u001b[1;33m(\u001b[0m\u001b[0mself\u001b[0m\u001b[1;33m.\u001b[0m\u001b[0mitems\u001b[0m\u001b[1;33m)\u001b[0m \u001b[1;33m!=\u001b[0m \u001b[0mtot_items\u001b[0m\u001b[1;33m:\u001b[0m\u001b[1;33m\u001b[0m\u001b[1;33m\u001b[0m\u001b[0m\n",
      "\u001b[1;31mValueError\u001b[0m: Shape of passed values is (15, 9), indices imply (101, 9)",
      "\nDuring handling of the above exception, another exception occurred:\n",
      "\u001b[1;31mValueError\u001b[0m                                Traceback (most recent call last)",
      "\u001b[1;32m<ipython-input-91-43d9ec31aabc>\u001b[0m in \u001b[0;36m<module>\u001b[1;34m\u001b[0m\n\u001b[0;32m     40\u001b[0m \u001b[0mtimes\u001b[0m \u001b[1;33m=\u001b[0m \u001b[0mnp\u001b[0m\u001b[1;33m.\u001b[0m\u001b[0marange\u001b[0m\u001b[1;33m(\u001b[0m\u001b[1;36m0\u001b[0m\u001b[1;33m,\u001b[0m \u001b[0msimulation_repetitions\u001b[0m\u001b[1;33m*\u001b[0m\u001b[0mdelta_t\u001b[0m \u001b[1;33m+\u001b[0m \u001b[0mdelta_t\u001b[0m\u001b[1;33m*\u001b[0m\u001b[0mrecord_steps\u001b[0m\u001b[1;33m,\u001b[0m \u001b[0mdelta_t\u001b[0m\u001b[1;33m*\u001b[0m\u001b[0mrecord_steps\u001b[0m\u001b[1;33m)\u001b[0m\u001b[1;33m\u001b[0m\u001b[1;33m\u001b[0m\u001b[0m\n\u001b[0;32m     41\u001b[0m \u001b[1;33m\u001b[0m\u001b[0m\n\u001b[1;32m---> 42\u001b[1;33m X1_DF = pd.DataFrame({\"X1\" : X_matrices[0].tolist(), \"X2\" : X_matrices[1].tolist(), \"X3\" : X_matrices[2].tolist(), \"X4\" : X_matrices[3].tolist(), \"X5\" : X_matrices[4].tolist(),\n\u001b[0m\u001b[0;32m     43\u001b[0m                      \"X6\" : X_matrices[5].tolist(), \"X7\" : X_matrices[6].tolist(), \"X8\" : X_matrices[7].tolist(), \"X9\" : X_matrices[8].tolist()}, index = times,\n\u001b[0;32m     44\u001b[0m                     columns = labels)\n",
      "\u001b[1;32m~\\anaconda3\\lib\\site-packages\\pandas\\core\\frame.py\u001b[0m in \u001b[0;36m__init__\u001b[1;34m(self, data, index, columns, dtype, copy)\u001b[0m\n\u001b[0;32m    527\u001b[0m \u001b[1;33m\u001b[0m\u001b[0m\n\u001b[0;32m    528\u001b[0m         \u001b[1;32melif\u001b[0m \u001b[0misinstance\u001b[0m\u001b[1;33m(\u001b[0m\u001b[0mdata\u001b[0m\u001b[1;33m,\u001b[0m \u001b[0mdict\u001b[0m\u001b[1;33m)\u001b[0m\u001b[1;33m:\u001b[0m\u001b[1;33m\u001b[0m\u001b[1;33m\u001b[0m\u001b[0m\n\u001b[1;32m--> 529\u001b[1;33m             \u001b[0mmgr\u001b[0m \u001b[1;33m=\u001b[0m \u001b[0minit_dict\u001b[0m\u001b[1;33m(\u001b[0m\u001b[0mdata\u001b[0m\u001b[1;33m,\u001b[0m \u001b[0mindex\u001b[0m\u001b[1;33m,\u001b[0m \u001b[0mcolumns\u001b[0m\u001b[1;33m,\u001b[0m \u001b[0mdtype\u001b[0m\u001b[1;33m=\u001b[0m\u001b[0mdtype\u001b[0m\u001b[1;33m)\u001b[0m\u001b[1;33m\u001b[0m\u001b[1;33m\u001b[0m\u001b[0m\n\u001b[0m\u001b[0;32m    530\u001b[0m         \u001b[1;32melif\u001b[0m \u001b[0misinstance\u001b[0m\u001b[1;33m(\u001b[0m\u001b[0mdata\u001b[0m\u001b[1;33m,\u001b[0m \u001b[0mma\u001b[0m\u001b[1;33m.\u001b[0m\u001b[0mMaskedArray\u001b[0m\u001b[1;33m)\u001b[0m\u001b[1;33m:\u001b[0m\u001b[1;33m\u001b[0m\u001b[1;33m\u001b[0m\u001b[0m\n\u001b[0;32m    531\u001b[0m             \u001b[1;32mimport\u001b[0m \u001b[0mnumpy\u001b[0m\u001b[1;33m.\u001b[0m\u001b[0mma\u001b[0m\u001b[1;33m.\u001b[0m\u001b[0mmrecords\u001b[0m \u001b[1;32mas\u001b[0m \u001b[0mmrecords\u001b[0m\u001b[1;33m\u001b[0m\u001b[1;33m\u001b[0m\u001b[0m\n",
      "\u001b[1;32m~\\anaconda3\\lib\\site-packages\\pandas\\core\\internals\\construction.py\u001b[0m in \u001b[0;36minit_dict\u001b[1;34m(data, index, columns, dtype)\u001b[0m\n\u001b[0;32m    285\u001b[0m             \u001b[0marr\u001b[0m \u001b[1;32mif\u001b[0m \u001b[1;32mnot\u001b[0m \u001b[0mis_datetime64tz_dtype\u001b[0m\u001b[1;33m(\u001b[0m\u001b[0marr\u001b[0m\u001b[1;33m)\u001b[0m \u001b[1;32melse\u001b[0m \u001b[0marr\u001b[0m\u001b[1;33m.\u001b[0m\u001b[0mcopy\u001b[0m\u001b[1;33m(\u001b[0m\u001b[1;33m)\u001b[0m \u001b[1;32mfor\u001b[0m \u001b[0marr\u001b[0m \u001b[1;32min\u001b[0m \u001b[0marrays\u001b[0m\u001b[1;33m\u001b[0m\u001b[1;33m\u001b[0m\u001b[0m\n\u001b[0;32m    286\u001b[0m         ]\n\u001b[1;32m--> 287\u001b[1;33m     \u001b[1;32mreturn\u001b[0m \u001b[0marrays_to_mgr\u001b[0m\u001b[1;33m(\u001b[0m\u001b[0marrays\u001b[0m\u001b[1;33m,\u001b[0m \u001b[0mdata_names\u001b[0m\u001b[1;33m,\u001b[0m \u001b[0mindex\u001b[0m\u001b[1;33m,\u001b[0m \u001b[0mcolumns\u001b[0m\u001b[1;33m,\u001b[0m \u001b[0mdtype\u001b[0m\u001b[1;33m=\u001b[0m\u001b[0mdtype\u001b[0m\u001b[1;33m)\u001b[0m\u001b[1;33m\u001b[0m\u001b[1;33m\u001b[0m\u001b[0m\n\u001b[0m\u001b[0;32m    288\u001b[0m \u001b[1;33m\u001b[0m\u001b[0m\n\u001b[0;32m    289\u001b[0m \u001b[1;33m\u001b[0m\u001b[0m\n",
      "\u001b[1;32m~\\anaconda3\\lib\\site-packages\\pandas\\core\\internals\\construction.py\u001b[0m in \u001b[0;36marrays_to_mgr\u001b[1;34m(arrays, arr_names, index, columns, dtype, verify_integrity)\u001b[0m\n\u001b[0;32m     93\u001b[0m     \u001b[0maxes\u001b[0m \u001b[1;33m=\u001b[0m \u001b[1;33m[\u001b[0m\u001b[0mcolumns\u001b[0m\u001b[1;33m,\u001b[0m \u001b[0mindex\u001b[0m\u001b[1;33m]\u001b[0m\u001b[1;33m\u001b[0m\u001b[1;33m\u001b[0m\u001b[0m\n\u001b[0;32m     94\u001b[0m \u001b[1;33m\u001b[0m\u001b[0m\n\u001b[1;32m---> 95\u001b[1;33m     \u001b[1;32mreturn\u001b[0m \u001b[0mcreate_block_manager_from_arrays\u001b[0m\u001b[1;33m(\u001b[0m\u001b[0marrays\u001b[0m\u001b[1;33m,\u001b[0m \u001b[0marr_names\u001b[0m\u001b[1;33m,\u001b[0m \u001b[0maxes\u001b[0m\u001b[1;33m)\u001b[0m\u001b[1;33m\u001b[0m\u001b[1;33m\u001b[0m\u001b[0m\n\u001b[0m\u001b[0;32m     96\u001b[0m \u001b[1;33m\u001b[0m\u001b[0m\n\u001b[0;32m     97\u001b[0m \u001b[1;33m\u001b[0m\u001b[0m\n",
      "\u001b[1;32m~\\anaconda3\\lib\\site-packages\\pandas\\core\\internals\\managers.py\u001b[0m in \u001b[0;36mcreate_block_manager_from_arrays\u001b[1;34m(arrays, names, axes)\u001b[0m\n\u001b[0;32m   1704\u001b[0m         \u001b[1;32mreturn\u001b[0m \u001b[0mmgr\u001b[0m\u001b[1;33m\u001b[0m\u001b[1;33m\u001b[0m\u001b[0m\n\u001b[0;32m   1705\u001b[0m     \u001b[1;32mexcept\u001b[0m \u001b[0mValueError\u001b[0m \u001b[1;32mas\u001b[0m \u001b[0me\u001b[0m\u001b[1;33m:\u001b[0m\u001b[1;33m\u001b[0m\u001b[1;33m\u001b[0m\u001b[0m\n\u001b[1;32m-> 1706\u001b[1;33m         \u001b[1;32mraise\u001b[0m \u001b[0mconstruction_error\u001b[0m\u001b[1;33m(\u001b[0m\u001b[0mlen\u001b[0m\u001b[1;33m(\u001b[0m\u001b[0marrays\u001b[0m\u001b[1;33m)\u001b[0m\u001b[1;33m,\u001b[0m \u001b[0marrays\u001b[0m\u001b[1;33m[\u001b[0m\u001b[1;36m0\u001b[0m\u001b[1;33m]\u001b[0m\u001b[1;33m.\u001b[0m\u001b[0mshape\u001b[0m\u001b[1;33m,\u001b[0m \u001b[0maxes\u001b[0m\u001b[1;33m,\u001b[0m \u001b[0me\u001b[0m\u001b[1;33m)\u001b[0m\u001b[1;33m\u001b[0m\u001b[1;33m\u001b[0m\u001b[0m\n\u001b[0m\u001b[0;32m   1707\u001b[0m \u001b[1;33m\u001b[0m\u001b[0m\n\u001b[0;32m   1708\u001b[0m \u001b[1;33m\u001b[0m\u001b[0m\n",
      "\u001b[1;31mValueError\u001b[0m: Shape of passed values is (15, 9), indices imply (101, 9)"
     ]
    }
   ],
   "source": [
    "# Load in each line in the text file\n",
    "X_list3 = pd.read_csv(path + \"X1_simulation_2.txt\",\n",
    "                        names = [\"X1\"],\n",
    "                      index_col=False)\n",
    "\n",
    "# Split each line into a list in a list\n",
    "data = []\n",
    "for line in X_list3[\"X1\"]:\n",
    "    items = line.rstrip('\\n').split(\" \")\n",
    "    data.append(items)\n",
    "i = 0\n",
    "while i < len(data):\n",
    "    \n",
    "    data[i] = list(filter(None, data[i]))\n",
    "    i += 1\n",
    "\n",
    "# Turn each element into a float\n",
    "data_array = np.array(data, dtype=np.float32)    \n",
    "    \n",
    "# Turn every 3 lists into a single matrix by enclosing them in another list inside the array.\n",
    "X_values = data_array.reshape(-1, 3, data_array.shape[1])\n",
    "\n",
    "# X_values is a list of all X matrices recorded, it has the initial matrices of X1-X9 and then the 2nd recordings of X1-X9 etc.\n",
    "# We need to break up every ninth element of X_values into new arrays as follows\n",
    "\n",
    "X_matrices = [None] * 9  # List to store the nine new arrays\n",
    "\n",
    "for i in range(9):\n",
    "    X_matrices[i] = X_values[i::9] # i::9 starts at the ith element and goes up in steps of 9 until the we get out of index of the array.\n",
    "\n",
    "# X_matrices is now a list of 9 arrays, each holding the time evolutions of X1-X9 respectively.\n",
    "\n",
    "# Put each array into a column of a dataframe\n",
    "labels = [\"X1\", \"X2\", \"X3\", \"X4\", \"X5\", \"X6\", \"X7\", \"X8\", \"X9\"]\n",
    "\n",
    "delta_t = 10**-4\n",
    "record_steps = 100\n",
    "simulation_repetitions = 10000\n",
    "\n",
    "times = np.arange(0, simulation_repetitions*delta_t + delta_t*record_steps, delta_t*record_steps)\n",
    "\n",
    "X1_DF = pd.DataFrame({\"X1\" : X_matrices[0].tolist(), \"X2\" : X_matrices[1].tolist(), \"X3\" : X_matrices[2].tolist(), \"X4\" : X_matrices[3].tolist(), \"X5\" : X_matrices[4].tolist(),\n",
    "                     \"X6\" : X_matrices[5].tolist(), \"X7\" : X_matrices[6].tolist(), \"X8\" : X_matrices[7].tolist(), \"X9\" : X_matrices[8].tolist()}, index = times,\n",
    "                    columns = labels)\n"
   ]
  },
  {
   "cell_type": "code",
   "execution_count": null,
   "id": "14802c5f",
   "metadata": {},
   "outputs": [],
   "source": []
  },
  {
   "cell_type": "code",
   "execution_count": 73,
   "id": "815f6072",
   "metadata": {},
   "outputs": [],
   "source": [
    "# Load in each line in the text file\n",
    "V_list3 = pd.read_csv(path + \"V2_simulation_2.txt\",\n",
    "                        names = [\"V1\"],\n",
    "                      index_col=False)\n",
    "\n",
    "# Split each line into a list in a list\n",
    "data = []\n",
    "for line in V_list3[\"V1\"]:\n",
    "    items = line.rstrip('\\n').split(\" \")\n",
    "    data.append(items)\n",
    "i = 0\n",
    "while i < len(data):\n",
    "    \n",
    "    data[i] = list(filter(None, data[i]))\n",
    "    i += 1\n",
    "\n",
    "# Turn each element into a float\n",
    "data_array = np.array(data, dtype=np.float32)    \n",
    "    \n",
    "# Turn every 3 lists into a single matrix by enclosing them in another list inside the array.\n",
    "V_values = data_array.reshape(-1, 3, data_array.shape[1])\n",
    "\n",
    "# V_values is a list of all V matrices recorded, it has the initial matrices of V1-V9 and then the 2nd recordings of V1-V9 etc.\n",
    "# We need to break up every ninth element of V_values into new arrays as follows\n",
    "\n",
    "V_matrices = [None] * 9  # List to store the nine new arrays\n",
    "\n",
    "for i in range(9):\n",
    "    V_matrices[i] = V_values[i::9] # i::9 starts at the ith element and goes up in steps of 9 until the we get out of index of the array.\n",
    "\n",
    "# X_matrices is now a list of 9 arrays, each holding the time evolutions of X1-X9 respectively.\n",
    "#print(V_matrices)\n",
    "# Put each array into a column of a dataframe\n",
    "labels = [\"V1\", \"V2\", \"V3\", \"V4\", \"V5\", \"V6\", \"V7\", \"V8\", \"V9\"]\n",
    "\n",
    "delta_t = 10**-4\n",
    "record_steps = 100\n",
    "simulation_repetitions = 10000\n",
    "\n",
    "times = np.arange(0, simulation_repetitions*delta_t + delta_t*record_steps, delta_t*record_steps)\n",
    "\n",
    "V2_DF = pd.DataFrame({\"V1\" : V_matrices[0].tolist(), \"V2\" : V_matrices[1].tolist(), \"V3\" : V_matrices[2].tolist(), \"V4\" : V_matrices[3].tolist(), \"V5\" : V_matrices[4].tolist(),\n",
    "                     \"V6\" : V_matrices[5].tolist(), \"V7\" : V_matrices[6].tolist(), \"V8\" : V_matrices[7].tolist(), \"V9\" : V_matrices[8].tolist()}, index = times,\n",
    "                    columns = labels)\n"
   ]
  },
  {
   "cell_type": "markdown",
   "id": "506ce85b",
   "metadata": {},
   "source": [
    "**Check that the Gauss' law constraint is conserved.**"
   ]
  },
  {
   "cell_type": "code",
   "execution_count": 6,
   "id": "6cd9af47",
   "metadata": {},
   "outputs": [],
   "source": [
    "# Define the commutator\n",
    "def commutator(A,B):\n",
    "    \n",
    "    # matmul() multiplies two matrices together\n",
    "    return np.matmul(A,B) - np.matmul(B,A)"
   ]
  },
  {
   "cell_type": "markdown",
   "id": "90939c45",
   "metadata": {},
   "source": [
    "## Are Xi still traceless"
   ]
  },
  {
   "cell_type": "code",
   "execution_count": null,
   "id": "b3bfbeb0",
   "metadata": {},
   "outputs": [],
   "source": []
  },
  {
   "cell_type": "markdown",
   "id": "7286892a",
   "metadata": {},
   "source": [
    "## Gauss' Law test"
   ]
  },
  {
   "cell_type": "code",
   "execution_count": 83,
   "id": "8930f397",
   "metadata": {
    "scrolled": true
   },
   "outputs": [
    {
     "name": "stdout",
     "output_type": "stream",
     "text": [
      "1\n",
      "[[ 0.00000000e+00 -1.29710588e-13 -2.08365299e-13]\n",
      " [ 1.29710588e-13  0.00000000e+00 -2.01699644e-13]\n",
      " [ 2.08365299e-13  2.01699644e-13  0.00000000e+00]]\n",
      "2\n",
      "[[ 0.00000000e+00 -4.52793433e-12 -3.65138238e-12]\n",
      " [ 4.52793433e-12  0.00000000e+00  4.10301092e-12]\n",
      " [ 3.65138238e-12 -4.10301092e-12  0.00000000e+00]]\n",
      "3\n",
      "[[ 0.00000000e+00 -9.21262014e-09 -7.63057672e-09]\n",
      " [ 9.21262014e-09  0.00000000e+00  9.22913548e-09]\n",
      " [ 7.63057672e-09 -9.22913548e-09  0.00000000e+00]]\n",
      "4\n",
      "[[ 0.00000000e+00 -1.92882483e-08 -1.59718134e-08]\n",
      " [ 1.92882483e-08  0.00000000e+00  1.93212033e-08]\n",
      " [ 1.59718134e-08 -1.93212033e-08  0.00000000e+00]]\n",
      "[[ 0.00000000e+00 -1.92882483e-08 -1.59718134e-08]\n",
      " [ 1.92882483e-08  0.00000000e+00  1.93212033e-08]\n",
      " [ 1.59718134e-08 -1.93212033e-08  0.00000000e+00]]\n",
      "5\n",
      "[[ 0.00000000e+00 -3.02282702e-08 -2.50238040e-08]\n",
      " [ 3.02282702e-08  0.00000000e+00  3.02762748e-08]\n",
      " [ 2.50238040e-08 -3.02762748e-08  0.00000000e+00]]\n",
      "[[ 0.00000000e+00 -3.02282702e-08 -2.50238040e-08]\n",
      " [ 3.02282702e-08  0.00000000e+00  3.02762748e-08]\n",
      " [ 2.50238040e-08 -3.02762748e-08  0.00000000e+00]]\n",
      "6\n",
      "[[ 0.00000000e+00 -4.20281663e-08 -3.47819713e-08]\n",
      " [ 4.20281663e-08  0.00000000e+00  4.20915991e-08]\n",
      " [ 3.47819713e-08 -4.20915991e-08  0.00000000e+00]]\n",
      "[[ 0.00000000e+00 -4.20281663e-08 -3.47819713e-08]\n",
      " [ 4.20281663e-08  0.00000000e+00  4.20915991e-08]\n",
      " [ 3.47819713e-08 -4.20915991e-08  0.00000000e+00]]\n",
      "7\n",
      "[[ 0.00000000e+00 -5.46825323e-08 -4.52386042e-08]\n",
      " [ 5.46825323e-08  0.00000000e+00  5.47648125e-08]\n",
      " [ 4.52386042e-08 -5.47648125e-08  0.00000000e+00]]\n",
      "[[ 0.00000000e+00 -5.46825323e-08 -4.52386042e-08]\n",
      " [ 5.46825323e-08  0.00000000e+00  5.47648125e-08]\n",
      " [ 4.52386042e-08 -5.47648125e-08  0.00000000e+00]]\n",
      "8\n",
      "[[ 0.00000000e+00 -6.81852470e-08 -5.63905352e-08]\n",
      " [ 6.81852470e-08  0.00000000e+00  6.82905470e-08]\n",
      " [ 5.63905352e-08 -6.82905470e-08  0.00000000e+00]]\n",
      "[[ 0.00000000e+00 -6.81852470e-08 -5.63905352e-08]\n",
      " [ 6.81852470e-08  0.00000000e+00  6.82905470e-08]\n",
      " [ 5.63905352e-08 -6.82905470e-08  0.00000000e+00]]\n",
      "9\n",
      "[[ 0.00000000e+00 -8.25314317e-08 -6.82294418e-08]\n",
      " [ 8.25314317e-08  0.00000000e+00  8.26654561e-08]\n",
      " [ 6.82294418e-08 -8.26654561e-08  0.00000000e+00]]\n",
      "[[ 0.00000000e+00 -8.25314317e-08 -6.82294418e-08]\n",
      " [ 8.25314317e-08  0.00000000e+00  8.26654561e-08]\n",
      " [ 6.82294418e-08 -8.26654561e-08  0.00000000e+00]]\n",
      "10\n",
      "[[ 0.00000000e+00 -9.77125518e-08 -8.07477816e-08]\n",
      " [ 9.77125518e-08  0.00000000e+00  9.78852863e-08]\n",
      " [ 8.07477816e-08 -9.78852863e-08  0.00000000e+00]]\n",
      "[[ 0.00000000e+00 -9.77125518e-08 -8.07477816e-08]\n",
      " [ 9.77125518e-08  0.00000000e+00  9.78852863e-08]\n",
      " [ 8.07477816e-08 -9.78852863e-08  0.00000000e+00]]\n",
      "11\n",
      "[[ 0.00000000e+00 -1.13721853e-07 -9.39382594e-08]\n",
      " [ 1.13721853e-07  0.00000000e+00  1.13945251e-07]\n",
      " [ 9.39382594e-08 -1.13945251e-07  0.00000000e+00]]\n",
      "[[ 0.00000000e+00 -1.13721853e-07 -9.39382594e-08]\n",
      " [ 1.13721853e-07  0.00000000e+00  1.13945251e-07]\n",
      " [ 9.39382594e-08 -1.13945251e-07  0.00000000e+00]]\n",
      "12\n",
      "[[ 0.00000000e+00 -1.30551214e-07 -1.07791294e-07]\n",
      " [ 1.30551214e-07  0.00000000e+00  1.30841066e-07]\n",
      " [ 1.07791294e-07 -1.30841066e-07  0.00000000e+00]]\n",
      "[[ 0.00000000e+00 -1.30551214e-07 -1.07791294e-07]\n",
      " [ 1.30551214e-07  0.00000000e+00  1.30841066e-07]\n",
      " [ 1.07791294e-07 -1.30841066e-07  0.00000000e+00]]\n",
      "13\n",
      "[[ 0.00000000e+00 -1.48190919e-07 -1.22297809e-07]\n",
      " [ 1.48190919e-07  0.00000000e+00  1.48568135e-07]\n",
      " [ 1.22297809e-07 -1.48568135e-07  0.00000000e+00]]\n",
      "[[ 0.00000000e+00 -1.48190919e-07 -1.22297809e-07]\n",
      " [ 1.48190919e-07  0.00000000e+00  1.48568135e-07]\n",
      " [ 1.22297809e-07 -1.48568135e-07  0.00000000e+00]]\n",
      "14\n",
      "[[ 0.00000000e+00 -1.66632042e-07 -1.37447872e-07]\n",
      " [ 1.66632042e-07  0.00000000e+00  1.67121658e-07]\n",
      " [ 1.37447872e-07 -1.67121658e-07  0.00000000e+00]]\n",
      "[[ 0.00000000e+00 -1.66632042e-07 -1.37447872e-07]\n",
      " [ 1.66632042e-07  0.00000000e+00  1.67121658e-07]\n",
      " [ 1.37447872e-07 -1.67121658e-07  0.00000000e+00]]\n",
      "15\n",
      "[[ 0.00000000e+00 -1.85864033e-07 -1.53231307e-07]\n",
      " [ 1.85864033e-07  0.00000000e+00  1.86492043e-07]\n",
      " [ 1.53231307e-07 -1.86492043e-07  0.00000000e+00]]\n",
      "[[ 0.00000000e+00 -1.85864033e-07 -1.53231307e-07]\n",
      " [ 1.85864033e-07  0.00000000e+00  1.86492043e-07]\n",
      " [ 1.53231307e-07 -1.86492043e-07  0.00000000e+00]]\n",
      "16\n",
      "[[ 0.00000000e+00 -2.05877028e-07 -1.69635744e-07]\n",
      " [ 2.05877028e-07  0.00000000e+00  2.06680804e-07]\n",
      " [ 1.69635744e-07 -2.06680804e-07  0.00000000e+00]]\n",
      "[[ 0.00000000e+00 -2.05877028e-07 -1.69635744e-07]\n",
      " [ 2.05877028e-07  0.00000000e+00  2.06680804e-07]\n",
      " [ 1.69635744e-07 -2.06680804e-07  0.00000000e+00]]\n",
      "17\n",
      "[[ 0.00000000e+00 -2.26658254e-07 -1.86650367e-07]\n",
      " [ 2.26658254e-07  0.00000000e+00  2.27676441e-07]\n",
      " [ 1.86650367e-07 -2.27676441e-07  0.00000000e+00]]\n",
      "[[ 0.00000000e+00 -2.26658254e-07 -1.86650367e-07]\n",
      " [ 2.26658254e-07  0.00000000e+00  2.27676441e-07]\n",
      " [ 1.86650367e-07 -2.27676441e-07  0.00000000e+00]]\n",
      "18\n",
      "[[ 0.00000000e+00 -2.48196953e-07 -2.04262651e-07]\n",
      " [ 2.48196953e-07  0.00000000e+00  2.49475894e-07]\n",
      " [ 2.04262651e-07 -2.49475894e-07  0.00000000e+00]]\n",
      "[[ 0.00000000e+00 -2.48196953e-07 -2.04262651e-07]\n",
      " [ 2.48196953e-07  0.00000000e+00  2.49475894e-07]\n",
      " [ 2.04262651e-07 -2.49475894e-07  0.00000000e+00]]\n",
      "19\n",
      "[[ 0.00000000e+00 -2.70482123e-07 -2.22458309e-07]\n",
      " [ 2.70482123e-07  0.00000000e+00  2.72073087e-07]\n",
      " [ 2.22458309e-07 -2.72073087e-07  0.00000000e+00]]\n",
      "[[ 0.00000000e+00 -2.70482123e-07 -2.22458309e-07]\n",
      " [ 2.70482123e-07  0.00000000e+00  2.72073087e-07]\n",
      " [ 2.22458309e-07 -2.72073087e-07  0.00000000e+00]]\n",
      "20\n",
      "[[ 0.00000000e+00 -2.93497491e-07 -2.41226988e-07]\n",
      " [ 2.93497491e-07  0.00000000e+00  2.95457903e-07]\n",
      " [ 2.41226988e-07 -2.95457903e-07  0.00000000e+00]]\n",
      "[[ 0.00000000e+00 -2.93497491e-07 -2.41226988e-07]\n",
      " [ 2.93497491e-07  0.00000000e+00  2.95457903e-07]\n",
      " [ 2.41226988e-07 -2.95457903e-07  0.00000000e+00]]\n",
      "21\n",
      "[[ 0.00000000e+00 -3.17230786e-07 -2.60551591e-07]\n",
      " [ 3.17230786e-07  0.00000000e+00  3.19626093e-07]\n",
      " [ 2.60551591e-07 -3.19626093e-07  0.00000000e+00]]\n",
      "[[ 0.00000000e+00 -3.17230786e-07 -2.60551591e-07]\n",
      " [ 3.17230786e-07  0.00000000e+00  3.19626093e-07]\n",
      " [ 2.60551591e-07 -3.19626093e-07  0.00000000e+00]]\n",
      "22\n",
      "[[ 0.00000000e+00 -3.41670220e-07 -2.80417617e-07]\n",
      " [ 3.41670220e-07  0.00000000e+00  3.44573161e-07]\n",
      " [ 2.80417617e-07 -3.44573161e-07  0.00000000e+00]]\n",
      "[[ 0.00000000e+00 -3.41670220e-07 -2.80417617e-07]\n",
      " [ 3.41670220e-07  0.00000000e+00  3.44573161e-07]\n",
      " [ 2.80417617e-07 -3.44573161e-07  0.00000000e+00]]\n",
      "23\n",
      "[[ 0.00000000e+00 -3.66796929e-07 -3.00809292e-07]\n",
      " [ 3.66796929e-07  0.00000000e+00  3.70288679e-07]\n",
      " [ 3.00809292e-07 -3.70288679e-07  0.00000000e+00]]\n",
      "[[ 0.00000000e+00 -3.66796929e-07 -3.00809292e-07]\n",
      " [ 3.66796929e-07  0.00000000e+00  3.70288679e-07]\n",
      " [ 3.00809292e-07 -3.70288679e-07  0.00000000e+00]]\n",
      "24\n",
      "[[ 0.00000000e+00 -3.92599355e-07 -3.21716753e-07]\n",
      " [ 3.92599355e-07  0.00000000e+00  3.96765669e-07]\n",
      " [ 3.21716753e-07 -3.96765669e-07  0.00000000e+00]]\n",
      "[[ 0.00000000e+00 -3.92599355e-07 -3.21716753e-07]\n",
      " [ 3.92599355e-07  0.00000000e+00  3.96765669e-07]\n",
      " [ 3.21716753e-07 -3.96765669e-07  0.00000000e+00]]\n",
      "25\n",
      "[[ 0.00000000e+00 -4.19060964e-07 -3.43116025e-07]\n",
      " [ 4.19060964e-07  0.00000000e+00  4.23998968e-07]\n",
      " [ 3.43116025e-07 -4.23998968e-07  0.00000000e+00]]\n",
      "[[ 0.00000000e+00 -4.19060964e-07 -3.43116025e-07]\n",
      " [ 4.19060964e-07  0.00000000e+00  4.23998968e-07]\n",
      " [ 3.43116025e-07 -4.23998968e-07  0.00000000e+00]]\n",
      "26\n",
      "[[ 0.00000000e+00 -4.46163257e-07 -3.64994894e-07]\n",
      " [ 4.46163257e-07  0.00000000e+00  4.51977266e-07]\n",
      " [ 3.64994894e-07 -4.51977266e-07  0.00000000e+00]]\n",
      "[[ 0.00000000e+00 -4.46163257e-07 -3.64994894e-07]\n",
      " [ 4.46163257e-07  0.00000000e+00  4.51977266e-07]\n",
      " [ 3.64994894e-07 -4.51977266e-07  0.00000000e+00]]\n",
      "27\n",
      "[[ 0.00000000e+00 -4.73893836e-07 -3.87336075e-07]\n",
      " [ 4.73893836e-07  0.00000000e+00  4.80695405e-07]\n",
      " [ 3.87336075e-07 -4.80695405e-07  0.00000000e+00]]\n",
      "[[ 0.00000000e+00 -4.73893836e-07 -3.87336075e-07]\n",
      " [ 4.73893836e-07  0.00000000e+00  4.80695405e-07]\n",
      " [ 3.87336075e-07 -4.80695405e-07  0.00000000e+00]]\n",
      "28\n",
      "[[ 0.00000000e+00 -5.02231138e-07 -4.10118701e-07]\n",
      " [ 5.02231138e-07  0.00000000e+00  5.10144039e-07]\n",
      " [ 4.10118701e-07 -5.10144039e-07  0.00000000e+00]]\n",
      "[[ 0.00000000e+00 -5.02231138e-07 -4.10118701e-07]\n",
      " [ 5.02231138e-07  0.00000000e+00  5.10144039e-07]\n",
      " [ 4.10118701e-07 -5.10144039e-07  0.00000000e+00]]\n",
      "29\n",
      "[[ 0.00000000e+00 -5.31164217e-07 -4.33331009e-07]\n",
      " [ 5.31164217e-07  0.00000000e+00  5.40315574e-07]\n",
      " [ 4.33331009e-07 -5.40315574e-07  0.00000000e+00]]\n",
      "[[ 0.00000000e+00 -5.31164217e-07 -4.33331009e-07]\n",
      " [ 5.31164217e-07  0.00000000e+00  5.40315574e-07]\n",
      " [ 4.33331009e-07 -5.40315574e-07  0.00000000e+00]]\n",
      "30\n",
      "[[ 0.00000000e+00 -5.60668141e-07 -4.56947675e-07]\n",
      " [ 5.60668141e-07  0.00000000e+00  5.71201855e-07]\n",
      " [ 4.56947675e-07 -5.71201855e-07  0.00000000e+00]]\n",
      "[[ 0.00000000e+00 -5.60668141e-07 -4.56947675e-07]\n",
      " [ 5.60668141e-07  0.00000000e+00  5.71201855e-07]\n",
      " [ 4.56947675e-07 -5.71201855e-07  0.00000000e+00]]\n",
      "31\n",
      "[[ 0.00000000e+00 -5.90728781e-07 -4.80956376e-07]\n",
      " [ 5.90728781e-07  0.00000000e+00  6.02790708e-07]\n",
      " [ 4.80956376e-07 -6.02790708e-07  0.00000000e+00]]\n",
      "[[ 0.00000000e+00 -5.90728781e-07 -4.80956376e-07]\n",
      " [ 5.90728781e-07  0.00000000e+00  6.02790708e-07]\n",
      " [ 4.80956376e-07 -6.02790708e-07  0.00000000e+00]]\n",
      "32\n",
      "[[ 0.00000000e+00 -6.21328096e-07 -5.05332375e-07]\n",
      " [ 6.21328096e-07  0.00000000e+00  6.35078592e-07]\n",
      " [ 5.05332375e-07 -6.35078592e-07  0.00000000e+00]]\n",
      "[[ 0.00000000e+00 -6.21328096e-07 -5.05332375e-07]\n",
      " [ 6.21328096e-07  0.00000000e+00  6.35078592e-07]\n",
      " [ 5.05332375e-07 -6.35078592e-07  0.00000000e+00]]\n",
      "33\n",
      "[[ 0.00000000e+00 -6.52442292e-07 -5.30061308e-07]\n",
      " [ 6.52442292e-07  0.00000000e+00  6.68052454e-07]\n",
      " [ 5.30061308e-07 -6.68052454e-07  0.00000000e+00]]\n",
      "[[ 0.00000000e+00 -6.52442292e-07 -5.30061308e-07]\n",
      " [ 6.52442292e-07  0.00000000e+00  6.68052454e-07]\n",
      " [ 5.30061308e-07 -6.68052454e-07  0.00000000e+00]]\n",
      "34\n",
      "[[ 0.00000000e+00 -6.84058076e-07 -5.55117763e-07]\n",
      " [ 6.84058076e-07  0.00000000e+00  7.01702768e-07]\n",
      " [ 5.55117763e-07 -7.01702768e-07  0.00000000e+00]]\n",
      "[[ 0.00000000e+00 -6.84058076e-07 -5.55117763e-07]\n",
      " [ 6.84058076e-07  0.00000000e+00  7.01702768e-07]\n",
      " [ 5.55117763e-07 -7.01702768e-07  0.00000000e+00]]\n",
      "35\n",
      "[[ 0.00000000e+00 -7.16151979e-07 -5.80483562e-07]\n",
      " [ 7.16151979e-07  0.00000000e+00  7.36022719e-07]\n",
      " [ 5.80483562e-07 -7.36022719e-07  0.00000000e+00]]\n",
      "[[ 0.00000000e+00 -7.16151979e-07 -5.80483562e-07]\n",
      " [ 7.16151979e-07  0.00000000e+00  7.36022719e-07]\n",
      " [ 5.80483562e-07 -7.36022719e-07  0.00000000e+00]]\n",
      "36\n",
      "[[ 0.00000000e+00 -7.48706627e-07 -6.06145812e-07]\n",
      " [ 7.48706627e-07  0.00000000e+00  7.71000468e-07]\n",
      " [ 6.06145812e-07 -7.71000468e-07  0.00000000e+00]]\n",
      "[[ 0.00000000e+00 -7.48706627e-07 -6.06145812e-07]\n",
      " [ 7.48706627e-07  0.00000000e+00  7.71000468e-07]\n",
      " [ 6.06145812e-07 -7.71000468e-07  0.00000000e+00]]\n",
      "37\n",
      "[[ 0.00000000e+00 -7.81699856e-07 -6.32076622e-07]\n",
      " [ 7.81699856e-07  0.00000000e+00  8.06627184e-07]\n",
      " [ 6.32076622e-07 -8.06627184e-07  0.00000000e+00]]\n",
      "[[ 0.00000000e+00 -7.81699856e-07 -6.32076622e-07]\n",
      " [ 7.81699856e-07  0.00000000e+00  8.06627184e-07]\n",
      " [ 6.32076622e-07 -8.06627184e-07  0.00000000e+00]]\n",
      "38\n",
      "[[ 0.00000000e+00 -8.15113992e-07 -6.58253786e-07]\n",
      " [ 8.15113992e-07  0.00000000e+00  8.42892423e-07]\n",
      " [ 6.58253786e-07 -8.42892423e-07  0.00000000e+00]]\n",
      "[[ 0.00000000e+00 -8.15113992e-07 -6.58253786e-07]\n",
      " [ 8.15113992e-07  0.00000000e+00  8.42892423e-07]\n",
      " [ 6.58253786e-07 -8.42892423e-07  0.00000000e+00]]\n",
      "39\n",
      "[[ 0.00000000e+00 -8.48927599e-07 -6.84658548e-07]\n",
      " [ 8.48927599e-07  0.00000000e+00  8.79785277e-07]\n",
      " [ 6.84658548e-07 -8.79785277e-07  0.00000000e+00]]\n",
      "[[ 0.00000000e+00 -8.48927599e-07 -6.84658548e-07]\n",
      " [ 8.48927599e-07  0.00000000e+00  8.79785277e-07]\n",
      " [ 6.84658548e-07 -8.79785277e-07  0.00000000e+00]]\n",
      "40\n",
      "[[ 0.00000000e+00 -8.83114918e-07 -7.11271841e-07]\n",
      " [ 8.83114918e-07  0.00000000e+00  9.17294282e-07]\n",
      " [ 7.11271841e-07 -9.17294282e-07  0.00000000e+00]]\n",
      "[[ 0.00000000e+00 -8.83114918e-07 -7.11271841e-07]\n",
      " [ 8.83114918e-07  0.00000000e+00  9.17294282e-07]\n",
      " [ 7.11271841e-07 -9.17294282e-07  0.00000000e+00]]\n",
      "41\n",
      "[[ 0.00000000e+00 -9.17662232e-07 -7.38070492e-07]\n",
      " [ 9.17662232e-07  0.00000000e+00  9.55410962e-07]\n",
      " [ 7.38070492e-07 -9.55410962e-07  0.00000000e+00]]\n",
      "[[ 0.00000000e+00 -9.17662232e-07 -7.38070492e-07]\n",
      " [ 9.17662232e-07  0.00000000e+00  9.55410962e-07]\n",
      " [ 7.38070492e-07 -9.55410962e-07  0.00000000e+00]]\n",
      "42\n",
      "[[ 0.00000000e+00 -9.52546890e-07 -7.65035122e-07]\n",
      " [ 9.52546890e-07  0.00000000e+00  9.94123253e-07]\n",
      " [ 7.65035122e-07 -9.94123253e-07  0.00000000e+00]]\n",
      "[[ 0.00000000e+00 -9.52546890e-07 -7.65035122e-07]\n",
      " [ 9.52546890e-07  0.00000000e+00  9.94123253e-07]\n",
      " [ 7.65035122e-07 -9.94123253e-07  0.00000000e+00]]\n",
      "43\n",
      "[[ 0.00000000e+00 -9.87742180e-07 -7.92140384e-07]\n",
      " [ 9.87742180e-07  0.00000000e+00  1.03341975e-06]\n",
      " [ 7.92140384e-07 -1.03341975e-06  0.00000000e+00]]\n",
      "[[ 0.00000000e+00 -9.87742180e-07 -7.92140384e-07]\n",
      " [ 9.87742180e-07  0.00000000e+00  1.03341975e-06]\n",
      " [ 7.92140384e-07 -1.03341975e-06  0.00000000e+00]]\n",
      "44\n",
      "[[ 0.00000000e+00 -1.02323364e-06 -8.19363977e-07]\n",
      " [ 1.02323364e-06  0.00000000e+00  1.07328985e-06]\n",
      " [ 8.19363977e-07 -1.07328985e-06  0.00000000e+00]]\n",
      "[[ 0.00000000e+00 -1.02323364e-06 -8.19363977e-07]\n",
      " [ 1.02323364e-06  0.00000000e+00  1.07328985e-06]\n",
      " [ 8.19363977e-07 -1.07328985e-06  0.00000000e+00]]\n",
      "45\n",
      "[[ 0.00000000e+00 -1.05899721e-06 -8.46692094e-07]\n",
      " [ 1.05899721e-06  0.00000000e+00  1.11372039e-06]\n",
      " [ 8.46692094e-07 -1.11372039e-06  0.00000000e+00]]\n",
      "[[ 0.00000000e+00 -1.05899721e-06 -8.46692094e-07]\n",
      " [ 1.05899721e-06  0.00000000e+00  1.11372039e-06]\n",
      " [ 8.46692094e-07 -1.11372039e-06  0.00000000e+00]]\n",
      "46\n",
      "[[ 0.00000000e+00 -1.09500839e-06 -8.74093354e-07]\n",
      " [ 1.09500839e-06  0.00000000e+00  1.15470383e-06]\n",
      " [ 8.74093354e-07 -1.15470383e-06  0.00000000e+00]]\n",
      "[[ 0.00000000e+00 -1.09500839e-06 -8.74093354e-07]\n",
      " [ 1.09500839e-06  0.00000000e+00  1.15470383e-06]\n",
      " [ 8.74093354e-07 -1.15470383e-06  0.00000000e+00]]\n",
      "47\n",
      "[[ 0.00000000e+00 -1.13125186e-06 -9.01548385e-07]\n",
      " [ 1.13125186e-06  0.00000000e+00  1.19622550e-06]\n",
      " [ 9.01548385e-07 -1.19622550e-06  0.00000000e+00]]\n",
      "[[ 0.00000000e+00 -1.13125186e-06 -9.01548385e-07]\n",
      " [ 1.13125186e-06  0.00000000e+00  1.19622550e-06]\n",
      " [ 9.01548385e-07 -1.19622550e-06  0.00000000e+00]]\n",
      "48\n",
      "[[ 0.00000000e+00 -1.16769970e-06 -9.29042123e-07]\n",
      " [ 1.16769970e-06  0.00000000e+00  1.23826736e-06]\n",
      " [ 9.29042123e-07 -1.23826736e-06  0.00000000e+00]]\n",
      "[[ 0.00000000e+00 -1.16769970e-06 -9.29042123e-07]\n",
      " [ 1.16769970e-06  0.00000000e+00  1.23826736e-06]\n",
      " [ 9.29042123e-07 -1.23826736e-06  0.00000000e+00]]\n",
      "49\n",
      "[[ 0.00000000e+00 -1.20433426e-06 -9.56545529e-07]\n",
      " [ 1.20433426e-06  0.00000000e+00  1.28082819e-06]\n",
      " [ 9.56545529e-07 -1.28082819e-06  0.00000000e+00]]\n",
      "[[ 0.00000000e+00 -1.20433426e-06 -9.56545529e-07]\n",
      " [ 1.20433426e-06  0.00000000e+00  1.28082819e-06]\n",
      " [ 9.56545529e-07 -1.28082819e-06  0.00000000e+00]]\n",
      "50\n",
      "[[ 0.00000000e+00 -1.24113232e-06 -9.84039911e-07]\n",
      " [ 1.24113232e-06  0.00000000e+00  1.32388945e-06]\n",
      " [ 9.84039911e-07 -1.32388945e-06  0.00000000e+00]]\n",
      "[[ 0.00000000e+00 -1.24113232e-06 -9.84039911e-07]\n",
      " [ 1.24113232e-06  0.00000000e+00  1.32388945e-06]\n",
      " [ 9.84039911e-07 -1.32388945e-06  0.00000000e+00]]\n",
      "51\n",
      "[[ 0.00000000e+00 -1.27807535e-06 -1.01150230e-06]\n",
      " [ 1.27807535e-06  0.00000000e+00  1.36743876e-06]\n",
      " [ 1.01150230e-06 -1.36743876e-06  0.00000000e+00]]\n",
      "[[ 0.00000000e+00 -1.27807535e-06 -1.01150230e-06]\n",
      " [ 1.27807535e-06  0.00000000e+00  1.36743876e-06]\n",
      " [ 1.01150230e-06 -1.36743876e-06  0.00000000e+00]]\n",
      "52\n",
      "[[ 0.00000000e+00 -1.31513867e-06 -1.03891351e-06]\n",
      " [ 1.31513867e-06  0.00000000e+00  1.41146457e-06]\n",
      " [ 1.03891351e-06 -1.41146457e-06  0.00000000e+00]]\n",
      "[[ 0.00000000e+00 -1.31513867e-06 -1.03891351e-06]\n",
      " [ 1.31513867e-06  0.00000000e+00  1.41146457e-06]\n",
      " [ 1.03891351e-06 -1.41146457e-06  0.00000000e+00]]\n",
      "53\n",
      "[[ 0.00000000e+00 -1.35229958e-06 -1.06624554e-06]\n",
      " [ 1.35229958e-06  0.00000000e+00  1.45595163e-06]\n",
      " [ 1.06624554e-06 -1.45595163e-06  0.00000000e+00]]\n",
      "[[ 0.00000000e+00 -1.35229958e-06 -1.06624554e-06]\n",
      " [ 1.35229958e-06  0.00000000e+00  1.45595163e-06]\n",
      " [ 1.06624554e-06 -1.45595163e-06  0.00000000e+00]]\n",
      "54\n",
      "[[ 0.00000000e+00 -1.38953785e-06 -1.09348625e-06]\n",
      " [ 1.38953785e-06  0.00000000e+00  1.50088696e-06]\n",
