{
 "cells": [
  {
   "cell_type": "code",
   "execution_count": 4,
   "id": "50b8c2a7",
   "metadata": {},
   "outputs": [],
   "source": [
    "import numpy as np\n",
    "import matplotlib.pyplot as plt\n",
    "import pandas as pd\n",
    "from pandas import DataFrame as DF\n",
    "from sympy import diff\n",
    "from sympy.abc import x,y\n",
    "from sympy import cos\n",
    "from sympy import *\n",
    "from sympy import lambdify\n",
    "from itertools import product\n",
    "import random\n",
    "from scipy.linalg import norm"
   ]
  },
  {
   "cell_type": "markdown",
   "id": "7669ad9a",
   "metadata": {},
   "source": [
    "**Define path.**"
   ]
  },
  {
   "cell_type": "code",
   "execution_count": 5,
   "id": "37bb2de1",
   "metadata": {},
   "outputs": [],
   "source": [
    "# Defining path to folder raw data is saved in\n",
    "path = \"C:/Users/robtk/OneDrive/Desktop/DIAS Internship/Raw data/Harmonic oscillator warm up/\""
   ]
  },
  {
   "cell_type": "markdown",
   "id": "1ac5861a",
   "metadata": {},
   "source": [
    "### Set display of pandas dataframes and Series to 11 decimal places"
   ]
  },
  {
   "cell_type": "code",
   "execution_count": 6,
   "id": "4f450dbb",
   "metadata": {},
   "outputs": [],
   "source": [
    "pd.set_option(\"display.precision\", 11)"
   ]
  },
  {
   "cell_type": "code",
   "execution_count": null,
   "id": "22f0bc7a",
   "metadata": {},
   "outputs": [],
   "source": []
  },
  {
   "cell_type": "markdown",
   "id": "8cd13fa6",
   "metadata": {},
   "source": [
    "**Read in the outputs for 2 2x2 matrices**"
   ]
  },
  {
   "cell_type": "code",
   "execution_count": 7,
   "id": "a24399d2",
   "metadata": {},
   "outputs": [],
   "source": [
    "X2_by_2 = pd.read_pickle(path+\"X.pkl\")\n",
    "V2_by_2 = pd.read_pickle(path+\"V.pkl\")\n",
    "\n",
    "X2 = pd.read_pickle(path+\"Xb.pkl\")\n",
    "V2 = pd.read_pickle(path+\"Vb.pkl\")\n",
    "\n",
    "X_test = pd.read_pickle(path+\"X_test.pkl\")\n",
    "V_test = pd.read_pickle(path+\"V_test.pkl\")\n",
    "\n",
    "X_test = pd.read_pickle(path+\"X_test9.pkl\")\n",
    "V_test = pd.read_pickle(path+\"V_test9.pkl\")\n"
   ]
  },
  {
   "cell_type": "markdown",
   "id": "506ce85b",
   "metadata": {},
   "source": [
    "**Check that the Gauss' law constraint is conserved.**"
   ]
  },
  {
   "cell_type": "code",
   "execution_count": 8,
   "id": "c3f249d2",
   "metadata": {},
   "outputs": [
    {
     "data": {
      "text/html": [
       "<div>\n",
       "<style scoped>\n",
       "    .dataframe tbody tr th:only-of-type {\n",
       "        vertical-align: middle;\n",
       "    }\n",
       "\n",
       "    .dataframe tbody tr th {\n",
       "        vertical-align: top;\n",
       "    }\n",
       "\n",
       "    .dataframe thead th {\n",
       "        text-align: right;\n",
       "    }\n",
       "</style>\n",
       "<table border=\"1\" class=\"dataframe\">\n",
       "  <thead>\n",
       "    <tr style=\"text-align: right;\">\n",
       "      <th></th>\n",
       "      <th>X 1</th>\n",
       "      <th>X 2</th>\n",
       "    </tr>\n",
       "  </thead>\n",
       "  <tbody>\n",
       "    <tr>\n",
       "      <th>0</th>\n",
       "      <td>[[-1.2648031177873595, 0.28965090823750295], [...</td>\n",
       "      <td>[[-0.988786234734847, -8.808868141843881], [-9...</td>\n",
       "    </tr>\n",
       "    <tr>\n",
       "      <th>0.1</th>\n",
       "      <td>[[-1.266024586128383, 0.3075498233453539], [0....</td>\n",
       "      <td>[[-0.9924837407927861, -8.82448803046022], [-9...</td>\n",
       "    </tr>\n",
       "    <tr>\n",
       "      <th>0.2</th>\n",
       "      <td>[[-1.2672461453989399, 0.3254499316527957], [0...</td>\n",
       "      <td>[[-0.9961812908590642, -8.840108058987312], [-...</td>\n",
       "    </tr>\n",
       "    <tr>\n",
       "      <th>0.3</th>\n",
       "      <td>[[-1.2684206793138693, 0.3427458500505543], [0...</td>\n",
       "      <td>[[-0.9998774849649374, -8.855750406355776], [-...</td>\n",
       "    </tr>\n",
       "    <tr>\n",
       "      <th>0.4</th>\n",
       "      <td>[[-1.2695023596759814, 0.3588490235768357], [0...</td>\n",
       "      <td>[[-1.0035714229022201, -8.871438686484098], [-...</td>\n",
       "    </tr>\n",
       "    <tr>\n",
       "      <th>...</th>\n",
       "      <td>...</td>\n",
       "      <td>...</td>\n",
       "    </tr>\n",
       "    <tr>\n",
       "      <th>9.5</th>\n",
       "      <td>[[-1.2553307128237747, 0.3864624075261496], [0...</td>\n",
       "      <td>[[-1.3513982692174915, -10.418536239755582], [...</td>\n",
       "    </tr>\n",
       "    <tr>\n",
       "      <th>9.6</th>\n",
       "      <td>[[-1.256553976865044, 0.4045837340315353], [0....</td>\n",
       "      <td>[[-1.3554268690283275, -10.435619594516812], [...</td>\n",
       "    </tr>\n",
       "    <tr>\n",
       "      <th>9.700000000000001</th>\n",
       "      <td>[[-1.2576228624582029, 0.4207220073740257], [0...</td>\n",
       "      <td>[[-1.3594517279362057, -10.452779362294871], [...</td>\n",
       "    </tr>\n",
       "    <tr>\n",
       "      <th>9.8</th>\n",
       "      <td>[[-1.2584778821555025, 0.43411357363433767], [...</td>\n",
       "      <td>[[-1.3634722119282914, -10.47004855952829], [-...</td>\n",
       "    </tr>\n",
       "    <tr>\n",
       "      <th>9.9</th>\n",
       "      <td>[[-1.2590696112331297, 0.4441241603022393], [0...</td>\n",
       "      <td>[[-1.3674881329031612, -10.487456115722527], [...</td>\n",
       "    </tr>\n",
       "  </tbody>\n",
       "</table>\n",
       "<p>100 rows × 2 columns</p>\n",
       "</div>"
      ],
      "text/plain": [
       "                                                                 X 1  \\\n",
       "0                  [[-1.2648031177873595, 0.28965090823750295], [...   \n",
       "0.1                [[-1.266024586128383, 0.3075498233453539], [0....   \n",
       "0.2                [[-1.2672461453989399, 0.3254499316527957], [0...   \n",
       "0.3                [[-1.2684206793138693, 0.3427458500505543], [0...   \n",
       "0.4                [[-1.2695023596759814, 0.3588490235768357], [0...   \n",
       "...                                                              ...   \n",
       "9.5                [[-1.2553307128237747, 0.3864624075261496], [0...   \n",
       "9.6                [[-1.256553976865044, 0.4045837340315353], [0....   \n",
       "9.700000000000001  [[-1.2576228624582029, 0.4207220073740257], [0...   \n",
       "9.8                [[-1.2584778821555025, 0.43411357363433767], [...   \n",
       "9.9                [[-1.2590696112331297, 0.4441241603022393], [0...   \n",
       "\n",
       "                                                                 X 2  \n",
       "0                  [[-0.988786234734847, -8.808868141843881], [-9...  \n",
       "0.1                [[-0.9924837407927861, -8.82448803046022], [-9...  \n",
       "0.2                [[-0.9961812908590642, -8.840108058987312], [-...  \n",
       "0.3                [[-0.9998774849649374, -8.855750406355776], [-...  \n",
       "0.4                [[-1.0035714229022201, -8.871438686484098], [-...  \n",
       "...                                                              ...  \n",
       "9.5                [[-1.3513982692174915, -10.418536239755582], [...  \n",
       "9.6                [[-1.3554268690283275, -10.435619594516812], [...  \n",
       "9.700000000000001  [[-1.3594517279362057, -10.452779362294871], [...  \n",
       "9.8                [[-1.3634722119282914, -10.47004855952829], [-...  \n",
       "9.9                [[-1.3674881329031612, -10.487456115722527], [...  \n",
       "\n",
       "[100 rows x 2 columns]"
      ]
     },
     "execution_count": 8,
     "metadata": {},
     "output_type": "execute_result"
    }
   ],
   "source": [
    "X2_by_2"
   ]
  },
  {
   "cell_type": "code",
   "execution_count": 9,
   "id": "6cd9af47",
   "metadata": {},
   "outputs": [],
   "source": [
    "# Define the commutator\n",
    "def commutator(A,B):\n",
    "    \n",
    "    # matmul() multiplies two matrices together\n",
    "    return np.matmul(A,B) - np.matmul(B,A)"
   ]
  },
  {
   "cell_type": "markdown",
   "id": "88f2bbde",
   "metadata": {},
   "source": [
    "## Are Xi still traceless"
   ]
  },
  {
   "cell_type": "code",
   "execution_count": null,
   "id": "a9e46cd8",
   "metadata": {},
   "outputs": [],
   "source": []
  },
  {
   "cell_type": "markdown",
   "id": "f312322a",
   "metadata": {},
   "source": [
    "## Gauss' Law test"
   ]
  },
  {
   "cell_type": "code",
   "execution_count": 78,
   "id": "8930f397",
   "metadata": {
    "scrolled": true
   },
   "outputs": [
    {
     "name": "stdout",
     "output_type": "stream",
     "text": [
      "1\n",
      "[[0. 0. 0.]\n",
      " [0. 0. 0.]\n",
      " [0. 0. 0.]]\n",
      "2\n",
      "[[ 0.00000000e+00  3.02773964e-18 -8.57756261e-18]\n",
      " [-3.02773964e-18  0.00000000e+00  3.97745370e-18]\n",
      " [ 8.57756261e-18 -3.97745370e-18  0.00000000e+00]]\n",
      "3\n",
      "[[ 0.00000000e+00 -4.04033157e-14 -1.18234205e-13]\n",
      " [ 4.04033157e-14  0.00000000e+00  6.53571088e-15]\n",
      " [ 1.18234205e-13 -6.53571088e-15  0.00000000e+00]]\n",
      "4\n",
      "[[ 0.00000000e+00 -2.18238569e-13 -1.84107518e-13]\n",
      " [ 2.18238569e-13  0.00000000e+00 -3.43292351e-13]\n",
      " [ 1.84107518e-13  3.43292351e-13  0.00000000e+00]]\n",
      "5\n",
      "[[ 0.00000000e+00 -8.51869610e-13  8.31897587e-14]\n",
      " [ 8.51869610e-13  0.00000000e+00  5.67038694e-13]\n",
      " [-8.31897587e-14 -5.67038694e-13  0.00000000e+00]]\n",
      "6\n",
      "[[ 0.00000000e+00 -1.21220386e-12  9.81281691e-14]\n",
      " [ 1.21220386e-12  0.00000000e+00 -9.74279310e-14]\n",
      " [-9.81281691e-14  9.74279310e-14  0.00000000e+00]]\n",
      "7\n",
      "[[ 0.00000000e+00  7.96140086e-13  1.68986348e-12]\n",
      " [-7.96140086e-13  0.00000000e+00  2.49139392e-13]\n",
      " [-1.68986348e-12 -2.49139392e-13  0.00000000e+00]]\n",
      "8\n",
      "[[ 0.00000000e+00 -4.47685756e-13 -1.21995050e-12]\n",
      " [ 4.47685756e-13  0.00000000e+00  4.30711292e-13]\n",
      " [ 1.21995050e-12 -4.30711292e-13  0.00000000e+00]]\n",
      "9\n",
      "[[ 0.00000000e+00 -8.45348736e-13  2.29790610e-12]\n",
      " [ 8.45348736e-13  0.00000000e+00  2.01607527e-12]\n",
      " [-2.29790610e-12 -2.01607527e-12  0.00000000e+00]]\n",
      "10\n",
      "[[ 0.00000000e+00 -3.52649218e-13 -7.61055774e-14]\n",
      " [ 3.52649218e-13  0.00000000e+00 -1.08636090e-12]\n",
      " [ 7.61055774e-14  1.08636090e-12  0.00000000e+00]]\n",
      "11\n",
      "[[ 0.00000000e+00 -1.87874005e-13 -1.24657240e-12]\n",
      " [ 1.87874005e-13  0.00000000e+00 -2.05277893e-14]\n",
      " [ 1.24657240e-12  2.05277893e-14  0.00000000e+00]]\n",
      "12\n",
      "[[ 0.00000000e+00  1.05877865e-14  1.80312671e-13]\n",
      " [-1.05877865e-14  0.00000000e+00 -9.55442975e-13]\n",
      " [-1.80312671e-13  9.55442975e-13  0.00000000e+00]]\n",
      "13\n",
      "[[ 0.00000000e+00  1.01505840e-12  8.05013899e-13]\n",
      " [-1.01505840e-12  0.00000000e+00  1.25286518e-12]\n",
      " [-8.05013899e-13 -1.25286518e-12  0.00000000e+00]]\n",
      "14\n",
      "[[ 0.00000000e+00  5.47060606e-13  6.31265197e-13]\n",
      " [-5.47060606e-13  0.00000000e+00  5.87262808e-13]\n",
      " [-6.31265197e-13 -5.87262808e-13  0.00000000e+00]]\n",
      "15\n",
      "[[ 0.00000000e+00 -1.14065821e-13  1.15963129e-12]\n",
      " [ 1.14065821e-13  0.00000000e+00  1.19499958e-12]\n",
      " [-1.15963129e-12 -1.19499958e-12  0.00000000e+00]]\n",
      "16\n",
      "[[ 0.00000000e+00  1.52023776e-12  1.70868487e-12]\n",
      " [-1.52023776e-12  0.00000000e+00 -2.39291663e-13]\n",
      " [-1.70868487e-12  2.39291663e-13  0.00000000e+00]]\n",
      "17\n",
      "[[ 0.00000000e+00 -3.78366080e-13  1.55486192e-12]\n",
      " [ 3.78366080e-13  0.00000000e+00  5.28022582e-13]\n",
      " [-1.55486192e-12 -5.28022582e-13  0.00000000e+00]]\n",
      "18\n",
      "[[ 0.00000000e+00 -8.91234051e-13  1.71035606e-13]\n",
      " [ 8.91234051e-13  0.00000000e+00 -3.71539867e-13]\n",
      " [-1.71035606e-13  3.71539867e-13  0.00000000e+00]]\n",
      "19\n",
      "[[ 0.00000000e+00  1.58807620e-12  1.87887282e-12]\n",
      " [-1.58807620e-12  0.00000000e+00  7.43213010e-13]\n",
      " [-1.87887282e-12 -7.43213010e-13  0.00000000e+00]]\n",
      "20\n",
      "[[ 0.00000000e+00  5.79024306e-13  1.10942088e-12]\n",
      " [-5.79024306e-13  0.00000000e+00 -3.36000538e-13]\n",
      " [-1.10942088e-12  3.36000538e-13  0.00000000e+00]]\n",
      "21\n",
      "[[ 0.00000000e+00 -2.17622658e-13 -1.14547132e-12]\n",
      " [ 2.17622658e-13  0.00000000e+00  8.64182239e-13]\n",
      " [ 1.14547132e-12 -8.64182239e-13  0.00000000e+00]]\n",
      "22\n",
      "[[ 0.00000000e+00 -2.44119548e-13  7.29689994e-13]\n",
      " [ 2.44119548e-13  0.00000000e+00  1.50632016e-12]\n",
      " [-7.29689994e-13 -1.50632016e-12  0.00000000e+00]]\n",
      "23\n",
      "[[ 0.00000000e+00  1.19186900e-12 -1.16957898e-12]\n",
      " [-1.19186900e-12  0.00000000e+00 -7.45294458e-13]\n",
      " [ 1.16957898e-12  7.45294458e-13  0.00000000e+00]]\n",
      "24\n",
      "[[ 0.00000000e+00  1.64178833e-13 -4.55037944e-13]\n",
      " [-1.64178833e-13  0.00000000e+00 -8.36269090e-14]\n",
      " [ 4.55037944e-13  8.36269090e-14  0.00000000e+00]]\n",
      "25\n",
      "[[ 0.00000000e+00  5.47488621e-13 -5.93667575e-13]\n",
      " [-5.47488621e-13  0.00000000e+00  5.43902444e-13]\n",
      " [ 5.93667575e-13 -5.43902444e-13  0.00000000e+00]]\n",
      "26\n",
      "[[ 0.00000000e+00 -4.59171995e-13 -5.49671151e-14]\n",
      " [ 4.59171995e-13  0.00000000e+00  9.91813174e-13]\n",
      " [ 5.49671151e-14 -9.91813174e-13  0.00000000e+00]]\n",
      "27\n",
      "[[ 0.00000000e+00 -9.51423486e-13 -3.62984647e-13]\n",
      " [ 9.51423486e-13  0.00000000e+00 -5.91757627e-13]\n",
      " [ 3.62984647e-13  5.91757627e-13  0.00000000e+00]]\n",
      "28\n",
      "[[ 0.00000000e+00  4.57045758e-13  1.25019194e-12]\n",
      " [-4.57045758e-13  0.00000000e+00 -2.46245758e-13]\n",
      " [-1.25019194e-12  2.46245758e-13  0.00000000e+00]]\n",
      "29\n",
      "[[ 0.00000000e+00  1.37550501e-12 -4.46898080e-13]\n",
      " [-1.37550501e-12  0.00000000e+00 -7.58343976e-13]\n",
      " [ 4.46898080e-13  7.58343976e-13  0.00000000e+00]]\n",
      "30\n",
      "[[ 0.00000000e+00 -1.18690634e-13 -4.84022519e-14]\n",
      " [ 1.18690634e-13  0.00000000e+00 -8.84370778e-13]\n",
      " [ 4.84022519e-14  8.84370778e-13  0.00000000e+00]]\n",
      "31\n",
      "[[ 0.00000000e+00 -5.20326880e-13 -2.66868572e-13]\n",
      " [ 5.20326880e-13  0.00000000e+00  6.56166368e-13]\n",
      " [ 2.66868572e-13 -6.56166368e-13  0.00000000e+00]]\n",
      "32\n",
      "[[ 0.00000000e+00  1.04736118e-13  1.12192374e-12]\n",
      " [-1.04736118e-13  0.00000000e+00  1.06145179e-12]\n",
      " [-1.12192374e-12 -1.06145179e-12  0.00000000e+00]]\n",
      "33\n",
      "[[ 0.00000000e+00  1.18361607e-13 -1.59496922e-12]\n",
      " [-1.18361607e-13  0.00000000e+00  5.80080827e-13]\n",
      " [ 1.59496922e-12 -5.80080827e-13  0.00000000e+00]]\n",
      "34\n",
      "[[ 0.00000000e+00 -4.31231812e-13 -1.03940242e-12]\n",
      " [ 4.31231812e-13  0.00000000e+00 -8.58361362e-13]\n",
      " [ 1.03940242e-12  8.58361362e-13  0.00000000e+00]]\n",
      "35\n",
      "[[ 0.00000000e+00  5.53863909e-14  1.84741599e-12]\n",
      " [-5.53863909e-14  0.00000000e+00  4.22770321e-13]\n",
      " [-1.84741599e-12 -4.22770321e-13  0.00000000e+00]]\n",
      "36\n",
      "[[ 0.00000000e+00  5.23096238e-13 -1.53945009e-12]\n",
      " [-5.23096238e-13  0.00000000e+00  6.32364708e-13]\n",
      " [ 1.53945009e-12 -6.32364708e-13  0.00000000e+00]]\n",
      "37\n",
      "[[ 0.00000000e+00  2.41041211e-13  2.79081910e-13]\n",
      " [-2.41041211e-13  0.00000000e+00 -1.66270226e-13]\n",
      " [-2.79081910e-13  1.66270226e-13  0.00000000e+00]]\n",
      "38\n",
      "[[ 0.00000000e+00 -1.56608499e-13  8.24349211e-13]\n",
      " [ 1.56608499e-13  0.00000000e+00 -1.23775112e-13]\n",
      " [-8.24349211e-13  1.23775112e-13  0.00000000e+00]]\n",
      "39\n",
      "[[ 0.00000000e+00 -8.80574202e-13 -1.51190318e-12]\n",
      " [ 8.80574202e-13  0.00000000e+00 -1.89686608e-13]\n",
      " [ 1.51190318e-12  1.89686608e-13  0.00000000e+00]]\n",
      "40\n",
      "[[ 0.00000000e+00 -6.43525148e-13  2.08950362e-13]\n",
      " [ 6.43525148e-13  0.00000000e+00  6.05795660e-13]\n",
      " [-2.08950362e-13 -6.05795660e-13  0.00000000e+00]]\n",
      "41\n",
      "[[ 0.00000000e+00  6.81728754e-13 -4.58482096e-13]\n",
      " [-6.81728754e-13  0.00000000e+00 -7.35825699e-13]\n",
      " [ 4.58482096e-13  7.35825699e-13  0.00000000e+00]]\n",
      "42\n",
      "[[ 0.00000000e+00 -9.72259737e-13 -9.85016228e-13]\n",
      " [ 9.72259737e-13  0.00000000e+00 -3.42072028e-13]\n",
      " [ 9.85016228e-13  3.42072028e-13  0.00000000e+00]]\n",
      "43\n",
      "[[ 0.00000000e+00 -1.13549284e-12 -9.53125181e-13]\n",
      " [ 1.13549284e-12  0.00000000e+00 -3.92458012e-14]\n",
      " [ 9.53125181e-13  3.92458012e-14  0.00000000e+00]]\n",
      "44\n",
      "[[ 0.00000000e+00 -6.82555793e-14 -7.42253221e-13]\n",
      " [ 6.82555793e-14  0.00000000e+00 -8.97641216e-13]\n",
      " [ 7.42253221e-13  8.97641216e-13  0.00000000e+00]]\n",
      "45\n",
      "[[ 0.00000000e+00  8.01191468e-13  5.58996514e-14]\n",
      " [-8.01191468e-13  0.00000000e+00 -3.17884042e-13]\n",
      " [-5.58996514e-14  3.17884042e-13  0.00000000e+00]]\n",
      "46\n",
      "[[ 0.00000000e+00  1.87367683e-13  5.92490433e-13]\n",
      " [-1.87367683e-13  0.00000000e+00 -5.74944848e-13]\n",
      " [-5.92490433e-13  5.74944848e-13  0.00000000e+00]]\n",
      "47\n",
      "[[ 0.00000000e+00 -1.01815637e-12  8.34601154e-13]\n",
      " [ 1.01815637e-12  0.00000000e+00 -2.75331658e-13]\n",
      " [-8.34601154e-13  2.75331658e-13  0.00000000e+00]]\n",
      "48\n",
      "[[ 0.00000000e+00  1.97442053e-12 -6.14151907e-14]\n",
      " [-1.97442053e-12  0.00000000e+00 -1.32602178e-12]\n",
      " [ 6.14151907e-14  1.32602178e-12  0.00000000e+00]]\n",
      "49\n",
      "[[ 0.00000000e+00  1.70089864e-12 -2.12522314e-12]\n",
      " [-1.70089864e-12  0.00000000e+00 -2.16767855e-12]\n",
      " [ 2.12522314e-12  2.16767855e-12  0.00000000e+00]]\n",
      "50\n",
      "[[ 0.00000000e+00  2.54976297e-14  1.04704095e-12]\n",
      " [-2.54976297e-14  0.00000000e+00  3.41773102e-14]\n",
      " [-1.04704095e-12 -3.41773102e-14  0.00000000e+00]]\n",
      "51\n",
      "[[ 0.00000000e+00 -1.42420900e-12 -8.29230558e-13]\n",
      " [ 1.42420900e-12  0.00000000e+00  8.65505347e-13]\n",
      " [ 8.29230558e-13 -8.65505347e-13  0.00000000e+00]]\n",
      "52\n",
      "[[ 0.00000000e+00  1.14542538e-12 -1.05502877e-12]\n",
      " [-1.14542538e-12  0.00000000e+00  7.45027285e-13]\n",
      " [ 1.05502877e-12 -7.45027285e-13  0.00000000e+00]]\n",
      "53\n",
      "[[ 0.00000000e+00 -1.09457620e-12 -5.92430930e-13]\n",
      " [ 1.09457620e-12  0.00000000e+00 -4.69857302e-13]\n",
      " [ 5.92430930e-13  4.69857302e-13  0.00000000e+00]]\n",
      "54\n",
      "[[ 0.00000000e+00 -9.20766803e-13  1.22592927e-12]\n",
      " [ 9.20766803e-13  0.00000000e+00  1.40734487e-13]\n",
      " [-1.22592927e-12 -1.40734487e-13  0.00000000e+00]]\n",
      "55\n",
      "[[ 0.00000000e+00  2.40384864e-13 -1.63443686e-12]\n",
      " [-2.40384864e-13  0.00000000e+00  8.48524799e-13]\n",
      " [ 1.63443686e-12 -8.48524799e-13  0.00000000e+00]]\n",
      "56\n",
      "[[ 0.00000000e+00  1.23602045e-13 -4.38012561e-12]\n",
      " [-1.23602045e-13  0.00000000e+00 -5.04138424e-13]\n",
      " [ 4.38012561e-12  5.04138424e-13  0.00000000e+00]]\n",
      "57\n",
      "[[ 0.00000000e+00 -7.96084862e-13 -6.23456545e-14]\n",
      " [ 7.96084862e-13  0.00000000e+00 -1.38249984e-12]\n",
      " [ 6.23456545e-14  1.38249984e-12  0.00000000e+00]]\n",
      "58\n",
      "[[ 0.00000000e+00 -5.07508514e-13  6.14235998e-13]\n",
      " [ 5.07508514e-13  0.00000000e+00 -1.84186225e-13]\n",
      " [-6.14235998e-13  1.84186225e-13  0.00000000e+00]]\n",
      "59\n",
      "[[ 0.00000000e+00  4.04962782e-13  1.76445234e-12]\n",
      " [-4.04962782e-13  0.00000000e+00 -5.02851287e-13]\n",
      " [-1.76445234e-12  5.02851287e-13  0.00000000e+00]]\n",
      "60\n",
      "[[ 0.00000000e+00 -9.24467225e-14 -1.83756410e-12]\n",
      " [ 9.24467225e-14  0.00000000e+00  9.30395435e-13]\n",
      " [ 1.83756410e-12 -9.30395435e-13  0.00000000e+00]]\n",
      "61\n",
      "[[ 0.00000000e+00  4.44139207e-13  4.82762584e-12]\n",
      " [-4.44139207e-13  0.00000000e+00  2.61802542e-12]\n",
      " [-4.82762584e-12 -2.61802542e-12  0.00000000e+00]]\n",
      "62\n",
      "[[ 0.00000000e+00 -1.35038638e-12  2.75829950e-12]\n",
      " [ 1.35038638e-12  0.00000000e+00  2.68967992e-12]\n",
      " [-2.75829950e-12 -2.68967992e-12  0.00000000e+00]]\n",
      "63\n",
      "[[ 0.00000000e+00  5.30003568e-13  2.45569734e-12]\n",
      " [-5.30003568e-13  0.00000000e+00  1.78919794e-12]\n",
      " [-2.45569734e-12 -1.78919794e-12  0.00000000e+00]]\n",
      "64\n",
      "[[ 0.00000000e+00  8.61685238e-13 -1.77730815e-12]\n",
      " [-8.61685238e-13  0.00000000e+00  6.85717134e-13]\n",
      " [ 1.77730815e-12 -6.85717134e-13  0.00000000e+00]]\n",
      "65\n",
      "[[ 0.00000000e+00 -1.26342865e-13 -3.92843181e-12]\n",
      " [ 1.26342865e-13  0.00000000e+00 -1.41111044e-12]\n",
      " [ 3.92843181e-12  1.41111044e-12  0.00000000e+00]]\n",
      "66\n",
      "[[ 0.00000000e+00  1.38741594e-13  1.06258707e-13]\n",
      " [-1.38741594e-13  0.00000000e+00 -8.23226002e-14]\n",
      " [-1.06258707e-13  8.23226002e-14  0.00000000e+00]]\n",
      "67\n",
      "[[ 0.00000000e+00  2.85989437e-13  2.46129758e-12]\n",
      " [-2.85989437e-13  0.00000000e+00 -1.60367020e-14]\n",
      " [-2.46129758e-12  1.60367020e-14  0.00000000e+00]]\n",
      "68\n",
      "[[ 0.00000000e+00  9.07601244e-13  2.88333323e-12]\n",
      " [-9.07601244e-13  0.00000000e+00 -2.52126726e-14]\n",
      " [-2.88333323e-12  2.52126726e-14  0.00000000e+00]]\n",
      "69\n",
      "[[ 0.00000000e+00 -2.86491139e-13  1.53246474e-13]\n",
      " [ 2.86491139e-13  0.00000000e+00 -1.65074338e-13]\n",
      " [-1.53246474e-13  1.65074338e-13  0.00000000e+00]]\n",
      "70\n",
      "[[ 0.00000000e+00 -5.85774989e-13  1.05685485e-12]\n",
      " [ 5.85774989e-13  0.00000000e+00 -1.99980969e-12]\n",
      " [-1.05685485e-12  1.99980969e-12  0.00000000e+00]]\n",
      "71\n",
      "[[ 0.00000000e+00  6.58787152e-13  1.09008679e-12]\n",
      " [-6.58787152e-13  0.00000000e+00 -1.83958382e-13]\n",
      " [-1.09008679e-12  1.83958382e-13  0.00000000e+00]]\n",
      "72\n",
      "[[ 0.00000000e+00  4.03331050e-13 -8.20828789e-13]\n",
      " [-4.03331050e-13  0.00000000e+00 -1.15558582e-12]\n",
      " [ 8.20828789e-13  1.15558582e-12  0.00000000e+00]]\n",
      "73\n",
      "[[ 0.00000000e+00 -3.45607705e-13  8.44773380e-13]\n",
      " [ 3.45607705e-13  0.00000000e+00  2.28360979e-13]\n",
      " [-8.44773380e-13 -2.28360979e-13  0.00000000e+00]]\n",
      "74\n",
      "[[ 0.00000000e+00  1.85017078e-12 -1.81290142e-12]\n",
      " [-1.85017078e-12  0.00000000e+00 -5.50311241e-13]\n",
      " [ 1.81290142e-12  5.50311241e-13  0.00000000e+00]]\n",
      "75\n",
      "[[ 0.00000000e+00  1.12513070e-12  5.67933481e-13]\n",
      " [-1.12513070e-12  0.00000000e+00  1.29814106e-12]\n",
      " [-5.67933481e-13 -1.29814106e-12  0.00000000e+00]]\n",
      "76\n",
      "[[ 0.00000000e+00 -2.39199216e-14 -1.50201733e-13]\n",
      " [ 2.39199216e-14  0.00000000e+00 -5.76934855e-13]\n",
      " [ 1.50201733e-13  5.76934855e-13  0.00000000e+00]]\n",
      "77\n",
      "[[ 0.00000000e+00 -1.43294533e-12 -2.09290081e-12]\n",
      " [ 1.43294533e-12  0.00000000e+00 -8.93107303e-13]\n",
      " [ 2.09290081e-12  8.93107303e-13  0.00000000e+00]]\n",
      "78\n",
      "[[ 0.00000000e+00  3.84651373e-13 -7.27812369e-12]\n",
      " [-3.84651373e-13  0.00000000e+00 -9.64493783e-13]\n",
      " [ 7.27812369e-12  9.64493783e-13  0.00000000e+00]]\n",
      "79\n",
      "[[ 0.00000000e+00 -7.96918836e-13 -1.78623503e-12]\n",
      " [ 7.96918836e-13  0.00000000e+00  7.28611356e-13]\n",
      " [ 1.78623503e-12 -7.28611356e-13  0.00000000e+00]]\n",
      "80\n",
      "[[ 0.00000000e+00 -1.24351327e-12  2.40864186e-12]\n",
      " [ 1.24351327e-12  0.00000000e+00 -1.21056550e-13]\n",
      " [-2.40864186e-12  1.21056550e-13  0.00000000e+00]]\n",
      "81\n",
      "[[ 0.00000000e+00  1.50675123e-12 -1.66057801e-12]\n",
      " [-1.50675123e-12  0.00000000e+00  1.58011513e-12]\n",
      " [ 1.66057801e-12 -1.58011513e-12  0.00000000e+00]]\n",
      "82\n",
      "[[ 0.00000000e+00  5.13992514e-13  1.12475317e-12]\n",
      " [-5.13992514e-13  0.00000000e+00 -8.38918801e-14]\n",
      " [-1.12475317e-12  8.38918801e-14  0.00000000e+00]]\n",
      "83\n",
      "[[ 0.00000000e+00 -1.62608907e-12  1.69052067e-12]\n",
      " [ 1.62608907e-12  0.00000000e+00 -3.33145136e-13]\n",
      " [-1.69052067e-12  3.33145136e-13  0.00000000e+00]]\n",
      "84\n",
      "[[ 0.00000000e+00 -1.03660812e-12 -8.08479467e-13]\n",
      " [ 1.03660812e-12  0.00000000e+00  5.18863726e-13]\n",
      " [ 8.08479467e-13 -5.18863726e-13  0.00000000e+00]]\n",
      "85\n",
      "[[ 0.00000000e+00 -9.52422562e-13 -2.58140423e-12]\n",
      " [ 9.52422562e-13  0.00000000e+00  1.26325618e-12]\n",
      " [ 2.58140423e-12 -1.26325618e-12  0.00000000e+00]]\n",
      "86\n",
      "[[ 0.00000000e+00 -1.87255062e-12  1.53921097e-12]\n",
      " [ 1.87255062e-12  0.00000000e+00 -2.28392252e-13]\n",
      " [-1.53921097e-12  2.28392252e-13  0.00000000e+00]]\n",
      "87\n",
      "[[ 0.00000000e+00 -4.71480402e-13 -3.50531695e-12]\n",
      " [ 4.71480402e-13  0.00000000e+00 -8.82918418e-13]\n",
      " [ 3.50531695e-12  8.82918418e-13  0.00000000e+00]]\n",
      "88\n",
      "[[ 0.00000000e+00  1.13933987e-12 -5.38796213e-13]\n",
      " [-1.13933987e-12  0.00000000e+00 -1.47369251e-12]\n",
      " [ 5.38796213e-13  1.47369251e-12  0.00000000e+00]]\n",
      "89\n",
      "[[ 0.00000000e+00 -6.58733076e-15  2.00620021e-12]\n",
      " [ 6.58733076e-15  0.00000000e+00  1.98933621e-13]\n",
      " [-2.00620021e-12 -1.98933621e-13  0.00000000e+00]]\n",
      "90\n",
      "[[ 0.00000000e+00 -7.42724776e-13  1.24394968e-12]\n",
      " [ 7.42724776e-13  0.00000000e+00  1.12950148e-12]\n",
      " [-1.24394968e-12 -1.12950148e-12  0.00000000e+00]]\n",
      "91\n",
      "[[ 0.00000000e+00 -5.50837606e-13 -2.01594966e-12]\n",
      " [ 5.50837606e-13  0.00000000e+00 -2.14353719e-13]\n",
      " [ 2.01594966e-12  2.14353719e-13  0.00000000e+00]]\n",
      "92\n",
      "[[ 0.00000000e+00  9.21658800e-13  2.60643883e-12]\n",
      " [-9.21658800e-13  0.00000000e+00 -1.28702894e-12]\n",
      " [-2.60643883e-12  1.28702894e-12  0.00000000e+00]]\n",
      "93\n",
      "[[ 0.00000000e+00 -5.34225290e-13  4.73183023e-13]\n",
      " [ 5.34225290e-13  0.00000000e+00 -1.44754195e-12]\n",
      " [-4.73183023e-13  1.44754195e-12  0.00000000e+00]]\n",
      "94\n",
      "[[ 0.00000000e+00 -2.30798885e-13 -6.54126320e-13]\n",
      " [ 2.30798885e-13  0.00000000e+00  6.85966000e-13]\n",
      " [ 6.54126320e-13 -6.85966000e-13  0.00000000e+00]]\n",
      "95\n",
      "[[ 0.00000000e+00 -1.41009064e-12 -1.18648206e-12]\n",
      " [ 1.41009064e-12  0.00000000e+00  2.56067791e-12]\n",
      " [ 1.18648206e-12 -2.56067791e-12  0.00000000e+00]]\n",
      "96\n",
      "[[ 0.00000000e+00  1.11631593e-13 -7.80359736e-13]\n",
      " [-1.11631593e-13  0.00000000e+00 -1.45922787e-14]\n",
      " [ 7.80359736e-13  1.45922787e-14  0.00000000e+00]]\n",
      "97\n",
      "[[ 0.00000000e+00  1.53749430e-12 -8.98587543e-13]\n",
      " [-1.53749430e-12  0.00000000e+00 -1.41000332e-12]\n",
      " [ 8.98587543e-13  1.41000332e-12  0.00000000e+00]]\n",
      "98\n",
      "[[ 0.00000000e+00  1.24532547e-13  3.17704052e-13]\n",
      " [-1.24532547e-13  0.00000000e+00 -1.65732609e-12]\n",
      " [-3.17704052e-13  1.65732609e-12  0.00000000e+00]]\n",
      "99\n",
      "[[ 0.00000000e+00  1.39291335e-12 -5.52693308e-13]\n",
      " [-1.39291335e-12  0.00000000e+00 -4.55570936e-13]\n",
      " [ 5.52693308e-13  4.55570936e-13  0.00000000e+00]]\n",
      "100\n",
      "[[ 0.00000000e+00  8.08012863e-14 -5.78447701e-13]\n",
      " [-8.08012863e-14  0.00000000e+00 -3.25909638e-12]\n",
      " [ 5.78447701e-13  3.25909638e-12  0.00000000e+00]]\n",
      "101\n",
      "[[ 0.00000000e+00  4.52550003e-13  1.44004197e-12]\n",
      " [-4.52550003e-13  0.00000000e+00 -2.55146002e-12]\n",
      " [-1.44004197e-12  2.55146002e-12  0.00000000e+00]]\n"
     ]
    }
   ],
   "source": [
    "i = 0\n",
    "while i < len(X_DF.iloc[:,0]):\n",
    "    \n",
    "    # Computes the sum of the commutators of Xi and Vi and if they equal zero move on to the next one.\n",
    "    \n",
    "    Gauss = (commutator(np.array(X_DF.iloc[i,0]), np.array(V_DF.iloc[i,0])) + \n",
    "             commutator(np.array(X_DF.iloc[i,1]), np.array(V_DF.iloc[i,1])) +\n",
    "             commutator(np.array(X_DF.iloc[i,2]), np.array(V_DF.iloc[i,2])) + \n",
    "             commutator(np.array(X_DF.iloc[i,3]), np.array(V_DF.iloc[i,3])) +\n",
    "             commutator(np.array(X_DF.iloc[i,4]), np.array(V_DF.iloc[i,4])) + \n",
    "             commutator(np.array(X_DF.iloc[i,5]), np.array(V_DF.iloc[i,5])) + \n",
    "             commutator(np.array(X_DF.iloc[i,6]), np.array(V_DF.iloc[i,6])) + \n",
    "             commutator(np.array(X_DF.iloc[i,7]), np.array(V_DF.iloc[i,7])) + \n",
    "             commutator(np.array(X_DF.iloc[i,8]), np.array(V_DF.iloc[i,8])) )\n",
    "\n",
    "             \n",
    "             \n",
    "    i+=1\n",
    "    print(i)\n",
    "    # Check if the answer equals the zero matrix.\n",
    "    if np.all(np.isclose(Gauss, 0)) != True:\n",
    "        \n",
    "    # If the sum is printed then the commutator does not equal the zero matrix stop the loop and print what the answer is.\n",
    "        print(Gauss)\n",
    "        \n",
    "    print(Gauss)"
   ]
  },
  {
   "cell_type": "markdown",
   "id": "1b5ddcb0",
   "metadata": {},
   "source": [
    "**From the above code it is clear that Gauss' law is conserved throughout the simulation.**\n",
    "\n",
    "**Now check if the Hamiltonian is conserved.**\n"
   ]
  },
  {
   "cell_type": "code",
   "execution_count": 79,
   "id": "207da9e2",
   "metadata": {},
   "outputs": [],
   "source": [
    "# Define the Lagrangian\n",
    "\n",
    "def L(X_list, V_list, g):\n",
    "    \n",
    "    X_array = np.array(X_list)\n",
    "    V_array = np.array(X_list)\n",
    "    term_1 =  np.sum( np.trace( (V_array)**2 ) )\n",
    "    \n",
    "    # Calculate the sum of commutators found in the second term of the lagrangian\n",
    "    for el in X_list:\n",
    "        X_cut = [x for x in X_list if x != el]\n",
    "        Sum2 = np.sum( np.trace( (commutator(el,X_cut))**2 ) ) \n",
    "    \n",
    "    term_2 = 1/2 * Sum2\n",
    "    \n",
    "    return 1/(2*g**2) * (term_1 + term_2)\n",
    "\n",
    "# Define the Hamiltonian\n",
    "\n",
    "def H(X_list, V_list, g):\n",
    "    \n",
    "    \n",
    "    X_array = np.array(X_list)\n",
    "    V_array = np.array(X_list)\n",
    "    term_1 =  np.sum( np.trace( (V_array)**2 ) )\n",
    "    \n",
    "    # Calculate the sum of commutators found in the second term of the lagrangian\n",
    "    for el in X_list:\n",
    "        X_cut = [x for x in X_list if x != el]\n",
    "        Sum2 = np.sum( np.trace( (commutator(el,X_cut))**2 ) ) \n",
    "    \n",
    "    term_2 = 1/2 * Sum2\n",
    "    \n",
    "    return 1/(2*g**2) * (term_1 - term_2)\n",
    "    "
   ]
  },
  {
   "cell_type": "code",
   "execution_count": 81,
   "id": "ecfda340",
   "metadata": {
    "scrolled": true
   },
   "outputs": [
    {
     "name": "stdout",
     "output_type": "stream",
     "text": [
      "0.0004304484016588111\n",
      "0.0004304484016588111\n",
      "0.0004280926776567442\n",
      "0.0004211301768563846\n",
      "0.0004098642264114583\n",
      "0.00039477565680484477\n",
      "0.0003764886356081441\n",
      "0.0003557288527293563\n",
      "0.0003332784352691802\n",
      "0.00030993151775609407\n",
      "0.00028645515649633024\n",
      "0.00026355711592893424\n",
      "0.00024186264155665835\n",
      "0.00022190011798442198\n",
      "0.0002040950304203923\n",
      "0.00018877095313418046\n",
      "0.00017615594599398795\n",
      "0.00016639266795086065\n",
      "0.0001595507775164648\n",
      "0.00015564025347589494\n",
      "0.00015462468681727294\n",
      "0.00015643381985577524\n",
      "0.00016097483768523325\n",
      "0.0001681422103223422\n",
      "0.00017782582543188568\n",
      "0.0001899175994632416\n",
      "0.00020431640735334597\n",
      "0.0002209314821173035\n",
      "0.00023968433886213306\n",
      "0.0002605092363386133\n",
      "0.0002833522644846393\n",
      "0.00030816899501856737\n",
      "0.0003349207523064168\n",
      "0.0003635695606976667\n",
      "0.0003940718262785966\n",
      "0.00042637043236463745\n",
      "0.00046038643149932354\n",
      "0.0004960096293352579\n",
      "0.000533088689337398\n",
      "0.0005714224249869367\n",
      "0.0006107512680149617\n",
      "0.0006507519615314965\n",
      "0.0006910347613273703\n",
      "0.0007311453911157809\n",
      "0.0007705727563595121\n",
      "0.0008087623471605866\n",
      "0.0008451364081195791\n",
      "0.0008791203477249616\n",
      "0.0009101735428170472\n",
      "0.0009378238607820583\n",
      "0.0009617013606408375\n",
      "0.0009815694235165318\n",
      "0.0009973488994172493\n",
      "0.0010091328158797408\n",
      "0.0010171887192887683\n",
      "0.0010219470566712936\n",
      "0.0010239769701683669\n",
      "0.0010239499253786458\n",
      "0.0010225931974657085\n",
      "0.0010206381415561992\n",
      "0.0010187667223964863\n",
      "0.001017560039915236\n",
      "0.0010174534447296485\n",
      "0.0010187018919372184\n",
      "0.00102135808067649\n",
      "0.0010252661354324887\n",
      "0.0010300718418588845\n",
      "0.0010352500476618358\n",
      "0.0010401463725719486\n",
      "0.0010440321003114318\n",
      "0.001046168136122442\n",
      "0.001045870238563795\n",
      "0.001042572551348647\n",
      "0.001035880185990105\n",
      "0.0010256078528471455\n",
      "0.0010117985853258203\n",
      "0.0009947225760504699\n",
      "0.0009748546347417497\n",
      "0.0009528354099686835\n",
      "0.0009294185249917828\n",
      "0.0009054111857481835\n",
      "0.00088161248620092\n",
      "0.0008587555084839853\n",
      "0.0008374581631933745\n",
      "0.000818185003172618\n",
      "0.0008012227792892421\n",
      "0.0007866706668940347\n",
      "0.0007744442418923883\n",
      "0.0007642932539185152\n",
      "0.0007558291881435468\n",
      "0.0007485629228329148\n",
      "0.0007419463855968505\n",
      "0.0007354169499531382\n",
      "0.0007284402278174061\n",
      "0.0007205480948184413\n",
      "0.0007113698596061844\n",
      "0.000700652081595691\n",
      "0.0006882694508074524\n",
      "0.0006742234337072887\n",
      "0.0006586308604312636\n",
      "0.0006417050232568503\n"
     ]
    }
   ],
   "source": [
    "i = 0\n",
    "while i < len(X_DF[\"X1\"].values):\n",
    "    \n",
    "    # Create a list of the 9 coordinate matrices for the position.\n",
    "    X_list = [X_DF[\"X1\"].values[i], X_DF[\"X2\"].values[i], X_DF[\"X3\"].values[i], X_DF[\"X4\"].values[i], \n",
    "              X_DF[\"X5\"].values[i], X_DF[\"X6\"].values[i], X_DF[\"X7\"].values[i], X_DF[\"X8\"].values[i],\n",
    "              X_DF[\"X9\"].values[i]]\n",
    "    V_list = [V_DF[\"V1\"].values[i], V_DF[\"V2\"].values[i], V_DF[\"V3\"].values[i], V_DF[\"V4\"].values[i], \n",
    "              V_DF[\"V5\"].values[i], V_DF[\"V6\"].values[i], V_DF[\"V7\"].values[i], V_DF[\"V8\"].values[i],\n",
    "              V_DF[\"V9\"].values[i]]\n",
    "\n",
    "    \n",
    "    print(H(X_list, V_list, 1))\n",
    "    i += 1"
   ]
  },
  {
   "cell_type": "markdown",
   "id": "854f8891",
   "metadata": {},
   "source": [
    "**From derivation in page**"
   ]
  },
  {
   "cell_type": "code",
   "execution_count": null,
   "id": "065ad50f",
   "metadata": {},
   "outputs": [],
   "source": []
  },
  {
   "cell_type": "markdown",
   "id": "88e7d452",
   "metadata": {},
   "source": [
    "# Check conservation of angular momentum\n",
    "\n",
    "**Angular momentum is $Tr(Xi\\dot Xj - Xj\\dot Xi)$**"
   ]
  },
  {
   "cell_type": "code",
   "execution_count": 82,
   "id": "6adfe205",
   "metadata": {},
   "outputs": [],
   "source": [
    "def angular_momentum(X2_by_2, V2_by_2):\n",
    "    \n",
    "    i = 0\n",
    "    while i < len(X_DF[\"X1\"].values):\n",
    "        # Create a list of the 9 coordinate matrices for the position.\n",
    "        X_list = [X_DF[\"X1\"].values[i], X_DF[\"X2\"].values[i], X_DF[\"X3\"].values[i], X_DF[\"X4\"].values[i], \n",
    "                  X_DF[\"X5\"].values[i], X_DF[\"X6\"].values[i], X_DF[\"X7\"].values[i], X_DF[\"X8\"].values[i],\n",
    "                  X_DF[\"X9\"].values[i]]\n",
    "        V_list = [V_DF[\"V1\"].values[i], V_DF[\"V2\"].values[i], V_DF[\"V3\"].values[i], V_DF[\"V4\"].values[i], \n",
    "                  V_DF[\"V5\"].values[i], V_DF[\"V6\"].values[i], V_DF[\"V7\"].values[i], V_DF[\"V8\"].values[i],\n",
    "                  V_DF[\"V9\"].values[i]]  \n",
    "    \n",
    "    i = 0\n",
    "    while i < len(X_list):\n",
    "        \n",
    "        Xi = X_list[i]\n",
    "        Vi = V_list[i]\n",
    "        np.sum(np.trace( np.matmul(Xi, V2_by_2) - np.matmul(X2_by_2, Vi) ))\n",
    "        \n",
    "        i += 1"
   ]
  },
  {
   "cell_type": "code",
   "execution_count": 83,
   "id": "1d920607",
   "metadata": {},
   "outputs": [
    {
     "ename": "UnboundLocalError",
     "evalue": "local variable 'i' referenced before assignment",
     "output_type": "error",
     "traceback": [
      "\u001b[1;31m---------------------------------------------------------------------------\u001b[0m",
      "\u001b[1;31mUnboundLocalError\u001b[0m                         Traceback (most recent call last)",
      "\u001b[1;32m<ipython-input-83-c2c8d5285426>\u001b[0m in \u001b[0;36m<module>\u001b[1;34m\u001b[0m\n\u001b[1;32m----> 1\u001b[1;33m \u001b[0mangular_momentum\u001b[0m\u001b[1;33m(\u001b[0m\u001b[0mX2_by_2\u001b[0m\u001b[1;33m,\u001b[0m \u001b[0mV2_by_2\u001b[0m\u001b[1;33m)\u001b[0m\u001b[1;33m\u001b[0m\u001b[1;33m\u001b[0m\u001b[0m\n\u001b[0m",
