-0.101057453415017  0.011429096302915  0.032504214648965
 0.011429096302915  0.042458707747518 -0.030494876105310
 0.032504214648965 -0.030494876105310  0.058598746544103
-0.181892128252594  0.059858386549542 -0.107799682497789
 0.059858386549542 -0.000805011859786  0.320917049733440
-0.107799682497789  0.320917049733440  0.182697147389209
 0.140864525177170  0.086844157999004 -0.042575250444195
 0.086844157999004  0.139296239892710 -0.421861319126598
-0.042575250444195 -0.421861319126598 -0.280160773991184
 0.094623639666515 -0.147568939778678  0.079856053409921
-0.147568939778678 -0.114907442524114  0.121566571432034
 0.079856053409921  0.121566571432034  0.020283803823865
-0.052499833427156  0.079520310673469 -0.105565230730239
 0.079520310673469  0.039943246845519  0.084770539685958
-0.105565230730239  0.084770539685958  0.012556588300357
-0.019449067809361  0.040690416340990 -0.019185239369655
 0.040690416340990  0.077365828401461 -0.113247523388955
-0.019185239369655 -0.113247523388955 -0.057916762361933
-0.136493264690978  0.049226002263065 -0.040760921012204
 0.049226002263065  0.004927774573829  0.161250135817618
-0.040760921012204  0.161250135817618  0.131565494430761
-0.122782132482456  0.107823733795749 -0.133352062282874
 0.107823733795749  0.041707738030374  0.183339047466845
-0.133352062282874  0.183339047466845  0.081074398597189
-0.203498992870083  0.025279357977976 -0.025073017196281
 0.025279357977976 -0.016623350296074  0.300706591695757
-0.025073017196281  0.300706591695757  0.220122350536558
