-0.101057456361975  0.011429095974725  0.032504214612884
 0.011429095974725  0.042458708032344 -0.030494876929024
 0.032504214612884 -0.030494876929024  0.058598745470478
-0.181892134770909  0.059858388872125 -0.107799682767625
 0.059858388872125 -0.000805019980988  0.320917041298098
-0.107799682767625  0.320917041298098  0.182697131308089
 0.140864530458818  0.086844159360190 -0.042575252105716
 0.086844159360190  0.139296251765365 -0.421861308059624
-0.042575252105716 -0.421861308059624 -0.280160753442855
 0.094623642573313 -0.147568942361397  0.079856054837790
-0.147568942361397 -0.114907445829016  0.121566569749897
 0.079856054837790  0.121566569749897  0.020283800132054
-0.052499835401135  0.079520313045178 -0.105565231598884
 0.079520313045178  0.039943245239111  0.084770537859872
-0.105565231598884  0.084770537859872  0.012556584618700
-0.019449067986898  0.040690417014346 -0.019185240180366
 0.040690417014346  0.077365831487618 -0.113247521078574
-0.019185240180366 -0.113247521078574 -0.057916757761458
-0.136493269382288  0.049226003395485 -0.040760921152110
 0.049226003395485  0.004927770111811  0.161250130793450
-0.040760921152110  0.161250130793450  0.131565485385355
-0.122782136868996  0.107823736871689 -0.133352063301609
 0.107823736871689  0.041707733731626  0.183339042740077
-0.133352063301609  0.183339042740077  0.081074389768575
-0.203498999629148  0.025279358654467 -0.025073017164733
 0.025279358654467 -0.016623358871711  0.300706582673429
-0.025073017164733  0.300706582673429  0.220122334728427
