 0.042751815364284 -0.025436007837258 -0.056349364036563
-0.025436007837258  0.021703125917693  0.031233130189784
-0.056349364036563  0.031233130189784 -0.064454939563251
-0.022788383857584 -0.006632662416492  0.042909901898983
-0.006632662416492 -0.035928956796516 -0.044675351546660
 0.042909901898983 -0.044675351546660  0.058717350657682
 0.024500953607645  0.041936551491957  0.041224986992921
 0.041936551491957 -0.101322439242300  0.003786216175286
 0.041224986992921  0.003786216175286  0.076821472249173
-0.033275571174889  0.021678381013565  0.007733390654232
 0.021678381013565  0.032787334023879 -0.009241335027309
 0.007733390654232 -0.009241335027309  0.000488239128841
-0.019846577627349  0.014579613233363  0.060138595116877
 0.014579613233363 -0.068315473474051 -0.040106419996899
 0.060138595116877 -0.040106419996899  0.088162052878854
 0.022995184963881  0.009496297971750  0.002709146946012
 0.009496297971750 -0.054486452053274  0.000043566596798
 0.002709146946012  0.000043566596798  0.031491264511630
 0.003911301556144 -0.028301007453744 -0.013570032719900
-0.028301007453744  0.013818800815495 -0.005415894945498
-0.013570032719900 -0.005415894945498 -0.017730096306029
-0.022010864119869  0.001208596887488  0.058320092476370
 0.001208596887488 -0.068722415860596 -0.048926388123478
 0.058320092476370 -0.048926388123478  0.090733285138459
 0.002486658307089 -0.042252897681525 -0.033451802146181
-0.042252897681525  0.016972838477040 -0.014534004236520
-0.033451802146181 -0.014534004236520 -0.019459485992984
