 0.042751806038346 -0.025436008417810 -0.056349370082839
-0.025436008417810  0.021703133872112  0.031233133874835
-0.056349370082839  0.031233133874835 -0.064454945539814
-0.022788416825623 -0.006632653719283  0.042909898107435
-0.006632653719283 -0.035928967622820 -0.044675333735606
 0.042909898107435 -0.044675333735606  0.058717351683631
 0.024500979979956  0.041936573353341  0.041224985145586
 0.041936573353341 -0.101322413845167  0.003786179402444
 0.041224985145586  0.003786179402444  0.076821477706789
-0.033275561317598  0.021678356497119  0.007733402211347
 0.021678356497119  0.032787315161952 -0.009241324640474
 0.007733402211347 -0.009241324640474  0.000488239677642
-0.019846589391476  0.014579628594966  0.060138592733459
 0.014579628594966 -0.068315473973880 -0.040106421949001
 0.060138592733459 -0.040106421949001  0.088162057543648
 0.022995185384307  0.009496306364683  0.002709143217137
 0.009496306364683 -0.054486442077588  0.000043556196169
 0.002709143217137  0.000043556196169  0.031491265136249
 0.003911280301401 -0.028301002515268 -0.013570038601002
-0.028301002515268  0.013818798302342 -0.005415882734397
-0.013570038601002 -0.005415882734397 -0.017730098470483
-0.022010887526512  0.001208615188400  0.058320087037273
 0.001208615188400 -0.068722418895714 -0.048926383782261
 0.058320087037273 -0.048926383782261  0.090733289528208
 0.002486625992480 -0.042252900074352 -0.033451809505230
-0.042252900074352  0.016972827631351 -0.014533981824225
-0.033451809505230 -0.014533981824225 -0.019459488968156
