-0.101057448309402  0.011429097163359  0.032504214295206
 0.011429097163359  0.042458704360288 -0.030494875355876
 0.032504214295206 -0.030494875355876  0.058598744812092
-0.181892116896708  0.059858384659423 -0.107799678358217
 0.059858384659423 -0.000805010427262  0.320917032493560
-0.107799678358217  0.320917032493560  0.182697134488736
 0.140864514907158  0.086844150781169 -0.042575248195830
 0.086844150781169  0.139296234830152 -0.421861294180512
-0.042575248195830 -0.421861294180512 -0.280160758521073
 0.094623635482639 -0.147568933850790  0.079856048344830
-0.147568933850790 -0.114907436289505  0.121566564273096
 0.079856048344830  0.121566564273096  0.020283801758213
-0.052499830386637  0.079520306152902 -0.105565226679579
 0.079520306152902  0.039943246752864  0.084770536193674
-0.105565226679579  0.084770536193674  0.012556585326002
-0.019449067841650  0.040690413384520 -0.019185238565261
 0.040690413384520  0.077365825399105 -0.113247516816300
-0.019185238565261 -0.113247516816300 -0.057916759299895
-0.136493256520803  0.049226001759339 -0.040760918789282
 0.049226001759339  0.004927773620372  0.161250126541840
-0.040760918789282  0.161250126541840  0.131565487147657
-0.122782125218747  0.107823728694380 -0.133352057043568
 0.107823728694380  0.041707737655570  0.183339038399578
-0.133352057043568  0.183339038399578  0.081074391644394
-0.203498980656393  0.025279358960090 -0.025073016524204
 0.025279358960090 -0.016623350475446  0.300706573991277
-0.025073016524204  0.300706573991277  0.220122338388632
