-0.020059550039119  0.037577283059648  0.042788284041713
 0.037577283059648 -0.012952304994868 -0.024557368990796
 0.042788284041713 -0.024557368990796  0.033011855033969
 0.040428947718185  0.037912711419880 -0.056902079628529
 0.037912711419880  0.022286480894802  0.010531367585161
-0.056902079628529  0.010531367585161 -0.062715428612980
-0.071075865502176 -0.065114167992590 -0.003771012001705
-0.065114167992590  0.075647989652363  0.042839117672978
-0.003771012001705  0.042839117672978 -0.004572124150180
 0.031648658993342 -0.050734410783205 -0.005358628971231
-0.050734410783205 -0.023885154095107 -0.015661061068063
-0.005358628971231 -0.015661061068063 -0.007763504898234
 0.008150911108064 -0.002330459695075 -0.054457446198323
-0.002330459695075  0.047530305459284  0.031232028442196
-0.054457446198323  0.031232028442196 -0.055681216567349
-0.034216106563508 -0.013664633478882  0.002412852204421
-0.013664633478882  0.044142627178683  0.010304413213926
 0.002412852204421  0.010304413213926 -0.009926520615157
 0.017365404357507  0.056500593539765 -0.005575104941822
 0.056500593539765 -0.010579111813954 -0.007170505890625
-0.005575104941822 -0.007170505890625 -0.006786292543538
 0.018044880972727  0.024970803971108 -0.063495356969612
 0.024970803971108  0.048611895846224  0.030781099621334
-0.063495356969612  0.030781099621334 -0.066656776818956
 0.025426106839478  0.072899114245176 -0.005092989282763
 0.072899114245176 -0.006044677424208 -0.018744094088914
-0.005092989282763 -0.018744094088914 -0.019381429415268
