{
 "cells": [
  {
   "cell_type": "code",
   "execution_count": 1,
   "id": "50b8c2a7",
   "metadata": {},
   "outputs": [],
   "source": [
    "import numpy as np\n",
    "import matplotlib.pyplot as plt\n",
    "import pandas as pd\n",
    "from pandas import DataFrame as DF\n",
    "from sympy import diff\n",
    "from sympy.abc import x,y\n",
    "from sympy import cos\n",
    "from sympy import *\n",
    "from sympy import lambdify\n",
    "from itertools import product\n",
    "import random\n",
    "from scipy.linalg import norm"
   ]
  },
  {
   "cell_type": "markdown",
   "id": "7669ad9a",
   "metadata": {},
   "source": [
    "**Define path.**"
   ]
  },
  {
   "cell_type": "code",
   "execution_count": 2,
   "id": "37bb2de1",
   "metadata": {},
   "outputs": [],
   "source": [
    "# Defining path to folder raw data is saved in\n",
    "path = \"C:/Users/robtk/OneDrive/Desktop/DIAS Internship/Raw data/Harmonic oscillator warm up/\""
   ]
  },
  {
   "cell_type": "markdown",
   "id": "1ac5861a",
   "metadata": {},
   "source": [
    "### Set display of pandas dataframes and Series to 11 decimal places"
   ]
  },
  {
   "cell_type": "code",
   "execution_count": 3,
   "id": "4f450dbb",
   "metadata": {},
   "outputs": [],
   "source": [
    "pd.set_option(\"display.precision\", 11)"
   ]
  },
  {
   "cell_type": "code",
   "execution_count": null,
   "id": "22f0bc7a",
   "metadata": {},
   "outputs": [],
   "source": []
  },
  {
   "cell_type": "markdown",
   "id": "8cd13fa6",
   "metadata": {},
   "source": [
    "**Read in the outputs for 2 2x2 matrices**"
   ]
  },
  {
   "cell_type": "code",
   "execution_count": 4,
   "id": "a24399d2",
   "metadata": {},
   "outputs": [],
   "source": [
    "X2_by_2 = pd.read_pickle(path+\"X.pkl\")\n",
    "V2_by_2 = pd.read_pickle(path+\"V.pkl\")\n",
    "\n",
    "X2 = pd.read_pickle(path+\"Xb.pkl\")\n",
    "V2 = pd.read_pickle(path+\"Vb.pkl\")\n",
    "\n",
    "X_test = pd.read_pickle(path+\"X_test.pkl\")\n",
    "V_test = pd.read_pickle(path+\"V_test.pkl\")\n",
    "\n",
    "X_test = pd.read_pickle(path+\"X_test9.pkl\")\n",
    "V_test = pd.read_pickle(path+\"V_test9.pkl\")\n"
   ]
  },
  {
   "cell_type": "markdown",
   "id": "506ce85b",
   "metadata": {},
   "source": [
    "**Check that the Gauss' law constraint is conserved.**"
   ]
  },
  {
   "cell_type": "code",
   "execution_count": 6,
   "id": "6cd9af47",
   "metadata": {},
   "outputs": [],
   "source": [
    "# Define the commutator\n",
    "def commutator(A,B):\n",
    "    \n",
    "    # matmul() multiplies two matrices together\n",
    "    return np.matmul(A,B) - np.matmul(B,A)"
   ]
  },
  {
   "cell_type": "markdown",
   "id": "90939c45",
   "metadata": {},
   "source": [
    "## Are Xi still traceless"
   ]
  },
  {
   "cell_type": "code",
   "execution_count": null,
   "id": "b3bfbeb0",
   "metadata": {},
   "outputs": [],
   "source": []
  },
  {
   "cell_type": "markdown",
   "id": "7286892a",
   "metadata": {},
   "source": [
    "## Gauss' Law test"
   ]
  },
  {
   "cell_type": "code",
   "execution_count": 16,
   "id": "8930f397",
   "metadata": {
    "scrolled": true
   },
   "outputs": [
    {
     "name": "stdout",
     "output_type": "stream",
     "text": [
      "1\n",
      "[[0. 0. 0.]\n",
      " [0. 0. 0.]\n",
      " [0. 0. 0.]]\n",
      "2\n",
      "[[ 0.00000000e+00  3.02773964e-18 -8.57756261e-18]\n",
      " [-3.02773964e-18  0.00000000e+00  3.97745370e-18]\n",
      " [ 8.57756261e-18 -3.97745370e-18  0.00000000e+00]]\n",
      "3\n",
      "[[ 0.00000000e+00  1.14542538e-12 -1.05502877e-12]\n",
      " [-1.14542538e-12  0.00000000e+00  7.45027285e-13]\n",
      " [ 1.05502877e-12 -7.45027285e-13  0.00000000e+00]]\n",
      "4\n",
      "[[ 0.00000000e+00  1.02195410e-12 -1.36453241e-12]\n",
      " [-1.02195410e-12  0.00000000e+00  7.94796331e-13]\n",
      " [ 1.36453241e-12 -7.94796331e-13  0.00000000e+00]]\n",
      "5\n",
      "[[ 0.00000000e+00  3.53749336e-12  8.49412112e-13]\n",
      " [-3.53749336e-12  0.00000000e+00  4.77585482e-13]\n",
      " [-8.49412112e-13 -4.77585482e-13  0.00000000e+00]]\n",
      "6\n",
      "[[ 0.00000000e+00 -5.71818885e-13  3.13973507e-13]\n",
      " [ 5.71818885e-13  0.00000000e+00 -5.65492650e-12]\n",
      " [-3.13973507e-13  5.65492650e-12  0.00000000e+00]]\n",
      "7\n",
      "[[ 0.00000000e+00  1.03153605e-12 -2.16610737e-12]\n",
      " [-1.03153605e-12  0.00000000e+00 -1.23022468e-12]\n",
      " [ 2.16610737e-12  1.23022468e-12  0.00000000e+00]]\n",
      "8\n",
      "[[ 0.00000000e+00  1.30060839e-12 -5.46596273e-13]\n",
      " [-1.30060839e-12  0.00000000e+00 -1.57890224e-12]\n",
      " [ 5.46596273e-13  1.57890224e-12  0.00000000e+00]]\n",
      "9\n",
      "[[ 0.00000000e+00 -1.35185325e-13  3.19901086e-13]\n",
      " [ 1.35185325e-13  0.00000000e+00  2.17454827e-12]\n",
      " [-3.19901086e-13 -2.17454827e-12  0.00000000e+00]]\n",
      "10\n",
      "[[ 0.00000000e+00  2.99677148e-14 -6.65285959e-13]\n",
      " [-2.99677148e-14  0.00000000e+00  3.83040428e-14]\n",
      " [ 6.65285959e-13 -3.83040428e-14  0.00000000e+00]]\n",
      "11\n",
      "[[ 0.00000000e+00  5.57767152e-13 -1.49808947e-13]\n",
      " [-5.57767152e-13  0.00000000e+00  1.87144844e-12]\n",
      " [ 1.49808947e-13 -1.87144844e-12  0.00000000e+00]]\n",
      "12\n",
      "[[ 0.00000000e+00 -4.68746424e-13 -5.31981145e-13]\n",
      " [ 4.68746424e-13  0.00000000e+00 -3.52152245e-13]\n",
      " [ 5.31981145e-13  3.52152245e-13  0.00000000e+00]]\n",
      "13\n",
      "[[ 0.00000000e+00  1.44020974e-12 -3.13117129e-13]\n",
      " [-1.44020974e-12  0.00000000e+00 -6.55473781e-13]\n",
      " [ 3.13117129e-13  6.55473781e-13  0.00000000e+00]]\n",
      "14\n",
      "[[ 0.00000000e+00  5.54865711e-13  3.93910172e-13]\n",
      " [-5.54865711e-13  0.00000000e+00 -2.95671806e-13]\n",
      " [-3.93910172e-13  2.95671806e-13  0.00000000e+00]]\n",
      "15\n",
      "[[ 0.00000000e+00  4.91339833e-14  1.49728487e-12]\n",
      " [-4.91339833e-14  0.00000000e+00 -2.82664468e-12]\n",
      " [-1.49728487e-12  2.82664468e-12  0.00000000e+00]]\n",
      "16\n",
      "[[ 0.00000000e+00  4.76006739e-13  2.78122541e-12]\n",
      " [-4.76006739e-13  0.00000000e+00 -3.56279787e-13]\n",
      " [-2.78122541e-12  3.56279787e-13  0.00000000e+00]]\n",
      "17\n",
      "[[ 0.00000000e+00  1.23869297e-12  2.83410062e-13]\n",
      " [-1.23869297e-12  0.00000000e+00  1.77211118e-12]\n",
      " [-2.83410062e-13 -1.77211118e-12  0.00000000e+00]]\n",
      "18\n",
      "[[ 0.00000000e+00 -6.67125224e-13 -4.98671958e-14]\n",
      " [ 6.67125224e-13  0.00000000e+00  4.55259621e-13]\n",
      " [ 4.98671958e-14 -4.55259621e-13  0.00000000e+00]]\n",
      "19\n",
      "[[ 0.00000000e+00 -1.24251326e-12  2.32035776e-12]\n",
      " [ 1.24251326e-12  0.00000000e+00 -3.81599974e-12]\n",
      " [-2.32035776e-12  3.81599974e-12  0.00000000e+00]]\n",
      "20\n",
      "[[ 0.0000000e+00 -8.6580103e-13 -4.1500974e-13]\n",
      " [ 8.6580103e-13  0.0000000e+00  4.0128637e-13]\n",
      " [ 4.1500974e-13 -4.0128637e-13  0.0000000e+00]]\n",
      "21\n",
      "[[ 0.00000000e+00 -1.02357136e-12  6.06013906e-13]\n",
      " [ 1.02357136e-12  0.00000000e+00 -1.30111862e-12]\n",
      " [-6.06013906e-13  1.30111862e-12  0.00000000e+00]]\n"
     ]
    }
   ],
   "source": [
    "i = 0\n",
    "while i < len(X_DF.iloc[:,0]):\n",
    "    \n",
    "    # Computes the sum of the commutators of Xi and Vi and if they equal zero move on to the next one.\n",
    "    \n",
    "    Gauss = (commutator(np.array(X_DF.iloc[i,0]), np.array(V_DF.iloc[i,0])) + \n",
    "             commutator(np.array(X_DF.iloc[i,1]), np.array(V_DF.iloc[i,1])) +\n",
    "             commutator(np.array(X_DF.iloc[i,2]), np.array(V_DF.iloc[i,2])) + \n",
    "             commutator(np.array(X_DF.iloc[i,3]), np.array(V_DF.iloc[i,3])) +\n",
    "             commutator(np.array(X_DF.iloc[i,4]), np.array(V_DF.iloc[i,4])) + \n",
    "             commutator(np.array(X_DF.iloc[i,5]), np.array(V_DF.iloc[i,5])) + \n",
    "             commutator(np.array(X_DF.iloc[i,6]), np.array(V_DF.iloc[i,6])) + \n",
    "             commutator(np.array(X_DF.iloc[i,7]), np.array(V_DF.iloc[i,7])) + \n",
    "             commutator(np.array(X_DF.iloc[i,8]), np.array(V_DF.iloc[i,8])) )\n",
    "\n",
    "             \n",
    "             \n",
    "    i+=1\n",
    "    print(i)\n",
    "    # Check if the answer equals the zero matrix.\n",
    "    if np.all(np.isclose(Gauss, 0)) != True:\n",
    "        \n",
    "    # If the sum is printed then the commutator does not equal the zero matrix stop the loop and print what the answer is.\n",
    "        print(Gauss)\n",
    "        \n",
    "    print(Gauss)"
   ]
  },
  {
   "cell_type": "markdown",
   "id": "1b5ddcb0",
   "metadata": {},
   "source": [
    "**From the above code it is clear that Gauss' law is conserved throughout the simulation.**\n",
    "\n",
    "**Now check if the Hamiltonian is conserved.**\n"
   ]
  },
  {
   "cell_type": "code",
   "execution_count": 38,
   "id": "207da9e2",
   "metadata": {},
   "outputs": [],
   "source": [
    "# Define the Lagrangian\n",
    "\n",
    "def L(X_list, V_list, g):\n",
    "    \n",
    "    term_1 = np.trace(np.array(V_list[0]) * np.array(V_list[0]) + np.array(V_list[1]) * np.array(V_list[1]) +\n",
    "                      np.array(V_list[2]) * np.array(V_list[2]) + np.array(V_list[3]) * np.array(V_list[3]) +\n",
    "                      np.array(V_list[4]) * np.array(V_list[4]) + np.array(V_list[5]) * np.array(V_list[5]) +\n",
    "                      np.array(V_list[6]) * np.array(V_list[6]) + np.array(V_list[7]) * np.array(V_list[7]) +\n",
    "                      np.array(V_list[8]) * np.array(V_list[8]))\n",
    "    \n",
    "    # Calculate the sum of commutators found in the second term of the lagrangian\n",
    "    Sum2 = 0\n",
    "    for matrix in X_list:\n",
    "        el = np.array(matrix)\n",
    "        Sum2 += np.trace( (commutator(el,np.array(X_list[0])))**2 + (commutator(el,np.array(X_list[1])))**2 + \n",
    "                          (commutator(el,np.array(X_list[2])))**2 + (commutator(el,np.array(X_list[3])))**2 + \n",
    "                          (commutator(el,np.array(X_list[4])))**2 + (commutator(el,np.array(X_list[5])))**2 + \n",
    "                          (commutator(el,np.array(X_list[6])))**2 + (commutator(el,np.array(X_list[7])))**2 + \n",
    "                          (commutator(el,np.array(X_list[8])))**2)  \n",
    "    \n",
    "    term_2 = 1/2 * Sum2\n",
    "    \n",
    "    return 1/(2*g**2) * (term_1 + term_2)\n",
    "\n",
    "# Define the Hamiltonian\n",
    "\n",
    "def H(X_list, V_list, g):\n",
    "    \n",
    "    \n",
    "    term_1 = np.trace(np.array(V_list[0]) * np.array(V_list[0]) + np.array(V_list[1]) * np.array(V_list[1]) +\n",
    "                      np.array(V_list[2]) * np.array(V_list[2]) + np.array(V_list[3]) * np.array(V_list[3]) +\n",
    "                      np.array(V_list[4]) * np.array(V_list[4]) + np.array(V_list[5]) * np.array(V_list[5]) +\n",
    "                      np.array(V_list[6]) * np.array(V_list[6]) + np.array(V_list[7]) * np.array(V_list[7]) +\n",
    "                      np.array(V_list[8]) * np.array(V_list[8]))\n",
    "    \n",
    "    # Calculate the sum of commutators found in the second term of the lagrangian\n",
    "    Sum2 = 0\n",
    "    for matrix in X_list:\n",
    "        el = np.array(matrix)\n",
    "        print((commutator(el,np.array(X_list[0])))**2)\n",
    "        Sum2 += np.trace( (commutator(el,np.array(X_list[0])))**2 + (commutator(el,np.array(X_list[1])))**2 + \n",
    "                          (commutator(el,np.array(X_list[2])))**2 + (commutator(el,np.array(X_list[3])))**2 + \n",
    "                          (commutator(el,np.array(X_list[4])))**2 + (commutator(el,np.array(X_list[5])))**2 + \n",
    "                          (commutator(el,np.array(X_list[6])))**2 + (commutator(el,np.array(X_list[7])))**2 + \n",
    "                          (commutator(el,np.array(X_list[8])))**2)  \n",
    "        print(Sum2)\n",
    "    term_2 = 1/2 * Sum2\n",
    "    \n",
    "    return 1/(2*g**2) * (term_1 - term_2)\n",
    "    "
   ]
  },
  {
   "cell_type": "code",
   "execution_count": null,
   "id": "892bca68",
   "metadata": {},
   "outputs": [],
   "source": [
    "def H(X_list, V_list, g):\n",
    "    T = 1.0/(2.0*g**2) * np.trace((np.array(V_list[0]) * np.array(V_list[0]) + np.array(V_list[1]) * np.array(V_list[1]) +\n",
    "                      np.array(V_list[2]) * np.array(V_list[2]) + np.array(V_list[3]) * np.array(V_list[3]) +\n",
    "                      np.array(V_list[4]) * np.array(V_list[4]) + np.array(V_list[5]) * np.array(V_list[5]) +\n",
    "                      np.array(V_list[6]) * np.array(V_list[6]) + np.array(V_list[7]) * np.array(V_list[7]) +\n",
    "                      np.array(V_list[8]) * np.array(V_list[8])))\n",
    "\n",
    "    X[9] = {X1,X2,X3,X4,X5,X6,X7,X8,X9}; \n",
    "\n",
    "    matrix commutator_sum;  \n",
    "    for (int i = 0; i < 9; i++)\n",
    "    {\n",
    "        for (int j = 0; j < 9; j++)\n",
    "        {\n",
    "            if(i == j)\n",
    "                continue;\n",
    "            commutator_sum += commutator(X[i],X[j])*commutator(X[i],X[j]); //can likely be more efficient by less function calls\n",
    "        }\n",
    "    }\n",
    "    R_or_C U = - 1.0/(4.0*pow(g,2)) * commutator_sum.trace();\n",
    "    return std:: abs(T + U);"
   ]
  },
  {
   "cell_type": "code",
   "execution_count": 40,
   "id": "ecfda340",
   "metadata": {
    "scrolled": true
   },
   "outputs": [
    {
     "name": "stdout",
     "output_type": "stream",
     "text": [
      "[[[0.004140886478126049, 0.0022556795738637447, 0.025393301621079445], [0.0022556795738637447, 0.0041346424259245396, 0.014692933298647404], [0.025393301621079445, 0.014692933298647404, -0.008275529369711876]], [[-0.0021805609576404095, -0.005458123981952667, 0.0007722208392806351], [-0.005458123981952667, -0.004325013142079115, -0.006669480819255114], [0.0007722208392806351, -0.006669480819255114, 0.006505574099719524]], [[-0.009643184952437878, -0.017827453091740608, 0.007020303048193455], [-0.017827453091740608, 0.0026108594611287117, -0.0014798446791246533], [0.007020303048193455, -0.0014798446791246533, 0.007032325025647879]], [[0.01002652756869793, -0.009305058047175407, 0.018254278227686882], [-0.009305058047175407, -0.004242887254804373, 0.00442498130723834], [0.018254278227686882, 0.00442498130723834, -0.005783639848232269]], [[0.006084998603910208, 0.0034327618777751923, -0.011932255700230598], [0.0034327618777751923, 0.01249998901039362, -0.006568921729922295], [-0.011932255700230598, -0.006568921729922295, -0.01858498714864254]], [[0.006329528521746397, 0.005194295197725296, -0.00014114394434727728], [0.005194295197725296, -0.00928482785820961, 0.009621746838092804], [-0.00014114394434727728, 0.009621746838092804, 0.0029552991036325693]], [[-0.002411817666143179, 0.01609715446829796, 0.007963577285408974], [0.01609715446829796, 0.007220841944217682, 0.012319942004978657], [0.007963577285408974, 0.012319942004978657, -0.004809024278074503]], [[-0.018699657171964645, 0.014214346185326576, 0.014666697941720486], [0.014214346185326576, -0.0004016006423626095, 0.016726011410355568], [0.014666697941720486, 0.016726011410355568, 0.019101258367300034]], [[-0.0033070899080485106, 0.015255723148584366, -0.0020798861514776945], [0.015255723148584366, 0.002764585427939892, 0.009720506146550179], [-0.0020798861514776945, 0.009720506146550179, 0.0005425044801086187]]]\n",
      "[[0. 0. 0.]\n",
      " [0. 0. 0.]\n",
      " [0. 0. 0.]]\n",
      "0.0\n",
      "[[0.00000000e+00 3.44390475e-08 8.72077022e-08]\n",
      " [3.44390475e-08 0.00000000e+00 4.69612150e-08]\n",
      " [8.72077022e-08 4.69612150e-08 0.00000000e+00]]\n",
      "0.0\n",
      "[[0.00000000e+00 1.28135845e-08 5.91688301e-07]\n",
      " [1.28135845e-08 0.00000000e+00 2.65361616e-07]\n",
      " [5.91688301e-07 2.65361616e-07 0.00000000e+00]]\n",
      "0.0\n",
      "[[0.00000000e+00 3.53775984e-08 7.90717711e-10]\n",
      " [3.53775984e-08 0.00000000e+00 9.59379701e-08]\n",
      " [7.90717711e-10 9.59379701e-08 0.00000000e+00]]\n",
      "0.0\n",
      "[[0.00000000e+00 5.29221903e-10 7.05369795e-07]\n",
      " [5.29221903e-10 0.00000000e+00 4.25541515e-07]\n",
      " [7.05369795e-07 4.25541515e-07 0.00000000e+00]]\n",
      "0.0\n",
      "[[0.00000000e+00 4.46110103e-08 2.01785384e-08]\n",
      " [4.46110103e-08 0.00000000e+00 2.78997625e-08]\n",
      " [2.01785384e-08 2.78997625e-08 0.00000000e+00]]\n",
      "0.0\n",
      "[[0.00000000e+00 4.73777903e-08 2.91447990e-08]\n",
      " [4.73777903e-08 0.00000000e+00 1.71941294e-07]\n",
      " [2.91447990e-08 1.71941294e-07 0.00000000e+00]]\n",
      "0.0\n",
      "[[0.00000000e+00 6.27979270e-08 9.42600115e-07]\n",
      " [6.27979270e-08 0.00000000e+00 2.76427442e-08]\n",
      " [9.42600115e-07 2.76427442e-08 0.00000000e+00]]\n",
      "0.0\n",
      "[[0.00000000e+00 8.47895105e-08 1.69769943e-08]\n",
      " [8.47895105e-08 0.00000000e+00 9.24770971e-08]\n",
      " [1.69769943e-08 9.24770971e-08 0.00000000e+00]]\n",
      "0.0\n",
      "0.0\n",
      "[[[0.004140886478126049, 0.0022556795738637447, 0.025393301621079445], [0.0022556795738637447, 0.0041346424259245396, 0.014692933298647404], [0.025393301621079445, 0.014692933298647404, -0.008275529369711876]], [[-0.0021805609576404095, -0.005458123981952667, 0.0007722208392806351], [-0.005458123981952667, -0.004325013142079115, -0.006669480819255114], [0.0007722208392806351, -0.006669480819255114, 0.006505574099719524]], [[-0.009643184952437878, -0.017827453091740608, 0.007020303048193455], [-0.017827453091740608, 0.0026108594611287117, -0.0014798446791246533], [0.007020303048193455, -0.0014798446791246533, 0.007032325025647879]], [[0.01002652756869793, -0.009305058047175407, 0.018254278227686882], [-0.009305058047175407, -0.004242887254804373, 0.00442498130723834], [0.018254278227686882, 0.00442498130723834, -0.005783639848232269]], [[0.006084998603910208, 0.0034327618777751923, -0.011932255700230598], [0.0034327618777751923, 0.01249998901039362, -0.006568921729922295], [-0.011932255700230598, -0.006568921729922295, -0.01858498714864254]], [[0.006329528521746397, 0.005194295197725296, -0.00014114394434727728], [0.005194295197725296, -0.00928482785820961, 0.009621746838092804], [-0.00014114394434727728, 0.009621746838092804, 0.0029552991036325693]], [[-0.002411817666143179, 0.01609715446829796, 0.007963577285408974], [0.01609715446829796, 0.007220841944217682, 0.012319942004978657], [0.007963577285408974, 0.012319942004978657, -0.004809024278074503]], [[-0.018699657171964645, 0.014214346185326576, 0.014666697941720486], [0.014214346185326576, -0.0004016006423626095, 0.016726011410355568], [0.014666697941720486, 0.016726011410355568, 0.019101258367300034]], [[-0.0033070899080485106, 0.015255723148584366, -0.0020798861514776945], [0.015255723148584366, 0.002764585427939892, 0.009720506146550179], [-0.0020798861514776945, 0.009720506146550179, 0.0005425044801086187]]]\n",
      "[[0. 0. 0.]\n",
      " [0. 0. 0.]\n",
      " [0. 0. 0.]]\n",
      "0.0\n",
      "[[0.00000000e+00 3.44390475e-08 8.72077022e-08]\n",
      " [3.44390475e-08 0.00000000e+00 4.69612150e-08]\n",
      " [8.72077022e-08 4.69612150e-08 0.00000000e+00]]\n",
      "0.0\n",
      "[[0.00000000e+00 1.28135845e-08 5.91688301e-07]\n",
      " [1.28135845e-08 0.00000000e+00 2.65361616e-07]\n",
      " [5.91688301e-07 2.65361616e-07 0.00000000e+00]]\n",
      "0.0\n",
      "[[0.00000000e+00 3.53775984e-08 7.90717711e-10]\n",
      " [3.53775984e-08 0.00000000e+00 9.59379701e-08]\n",
      " [7.90717711e-10 9.59379701e-08 0.00000000e+00]]\n",
      "0.0\n",
      "[[0.00000000e+00 5.29221903e-10 7.05369795e-07]\n",
      " [5.29221903e-10 0.00000000e+00 4.25541515e-07]\n",
      " [7.05369795e-07 4.25541515e-07 0.00000000e+00]]\n",
      "0.0\n",
      "[[0.00000000e+00 4.46110103e-08 2.01785384e-08]\n",
      " [4.46110103e-08 0.00000000e+00 2.78997625e-08]\n",
      " [2.01785384e-08 2.78997625e-08 0.00000000e+00]]\n",
      "0.0\n",
      "[[0.00000000e+00 4.73777903e-08 2.91447990e-08]\n",
      " [4.73777903e-08 0.00000000e+00 1.71941294e-07]\n",
      " [2.91447990e-08 1.71941294e-07 0.00000000e+00]]\n",
      "0.0\n",
      "[[0.00000000e+00 6.27979270e-08 9.42600115e-07]\n",
      " [6.27979270e-08 0.00000000e+00 2.76427442e-08]\n",
      " [9.42600115e-07 2.76427442e-08 0.00000000e+00]]\n",
      "0.0\n",
      "[[0.00000000e+00 8.47895105e-08 1.69769943e-08]\n",
      " [8.47895105e-08 0.00000000e+00 9.24770971e-08]\n",
      " [1.69769943e-08 9.24770971e-08 0.00000000e+00]]\n",
      "0.0\n",
      "6.791049036254755e-16\n",
      "[[[-0.02013067901134491, -0.01008534710854292, -0.010267178528010845], [-0.01008534710854292, 0.008151240646839142, -0.0017246026545763016], [-0.010267178528010845, -0.0017246026545763016, 0.011979437433183193]], [[0.008714835159480572, 0.004145650193095207, -0.0023007644340395927], [0.004145650193095207, 0.009593995288014412, 0.004792552441358566], [-0.0023007644340395927, 0.004792552441358566, -0.01830882951617241]], [[0.026235371828079224, 0.011898210272192955, -0.0023773731663823128], [0.011898210272192955, 0.00857994519174099, 0.0009412725339643657], [-0.0023773731663823128, 0.0009412725339643657, -0.03481531888246536]], [[-0.01808750256896019, -0.00477498397231102, -0.008165429346263409], [-0.00477498397231102, 0.021393999457359314, 0.0022557841148227453], [-0.008165429346263409, 0.0022557841148227453, -0.003306497586891055]], [[-0.012124372646212578, -0.00970013439655304, 0.007156050764024258], [-0.00970013439655304, -0.025369631126523018, -0.0009356453665532172], [0.007156050764024258, -0.0009356453665532172, 0.037494003772735596]], [[-0.012884865514934063, 0.00015207123942673206, 0.0008986929315142334], [0.00015207123942673206, 0.0092784957960248, -0.004999486263841391], [0.0008986929315142334, -0.004999486263841391, 0.003606370184570551]], [[-0.011490254662930965, -0.009183429181575775, -0.002580455271527171], [-0.009183429181575775, -0.01323991734534502, -0.004441303666681051], [-0.002580455271527171, -0.004441303666681051, 0.024730172008275986]], [[0.01908491551876068, 0.005493722856044769, -0.007430389989167452], [0.005493722856044769, 0.0013989537255838513, -0.0039475662633776665], [-0.007430389989167452, -0.0039475662633776665, -0.020483870059251785]], [[-0.004292684607207775, -0.0034763594157993793, 0.001922271098010242], [-0.0034763594157993793, -0.013033857569098473, -0.005642300937324762], [0.001922271098010242, -0.005642300937324762, 0.017326543107628822]]]\n",
      "[[0. 0. 0.]\n",
      " [0. 0. 0.]\n",
      " [0. 0. 0.]]\n",
      "0.0\n",
      "[[0.00000000e+00 3.21439993e-08 9.61928042e-08]\n",
      " [3.21439993e-08 0.00000000e+00 9.12838659e-09]\n",
      " [9.61928042e-08 9.12838659e-09 0.00000000e+00]]\n",
      "0.0\n",
      "[[0.00000000e+00 2.96553742e-08 5.10056922e-07]\n",
      " [2.96553742e-08 0.00000000e+00 4.72514097e-08]\n",
      " [5.10056922e-07 4.72514097e-08 0.00000000e+00]]\n",
      "0.0\n",
      "[[0.00000000e+00 9.02291048e-08 6.31204100e-09]\n",
      " [9.02291048e-08 0.00000000e+00 4.52774676e-09]\n",
      " [6.31204100e-09 4.52774676e-09 0.00000000e+00]]\n",
      "0.0\n",
      "[[0.00000000e+00 1.84787558e-07 5.57284528e-07]\n",
      " [1.84787558e-07 0.00000000e+00 7.65060246e-08]\n",
      " [5.57284528e-07 7.65060246e-08 0.00000000e+00]]\n",
      "0.0\n",
      "[[0.00000000e+00 3.06059463e-08 2.17538249e-08]\n",
      " [3.06059463e-08 0.00000000e+00 4.58768958e-10]\n",
      " [2.17538249e-08 4.58768958e-10 0.00000000e+00]]\n",
      "0.0\n",
      "[[0.00000000e+00 1.01455219e-07 6.76356481e-08]\n",
      " [1.01455219e-07 0.00000000e+00 1.36292204e-08]\n",
      " [6.76356481e-08 1.36292204e-08 0.00000000e+00]]\n",
      "0.0\n",
      "[[0.00000000e+00 2.57170009e-09 4.81826922e-07]\n",
      " [2.57170009e-09 0.00000000e+00 3.39275519e-08]\n",
      " [4.81826922e-07 3.39275519e-08 0.00000000e+00]]\n",
      "0.0\n",
      "[[0.00000000e+00 6.13659644e-08 5.41882019e-08]\n",
      " [6.13659644e-08 0.00000000e+00 7.36832762e-09]\n",
      " [5.41882019e-08 7.36832762e-09 0.00000000e+00]]\n",
      "0.0\n",
      "1.6780873854137713e-06\n",
      "[[[0.0018716932972893119, 0.009000801481306553, -0.011384095996618271], [0.009000801481306553, -0.0115252286195755, -0.007602652069181204], [-0.011384095996618271, -0.007602652069181204, 0.009653535671532154]], [[0.009426577016711235, -0.008169704116880894, -0.0017690309323370457], [-0.008169704116880894, 0.011254032142460346, 0.004935810342431068], [-0.0017690309323370457, 0.004935810342431068, -0.020680608227849007]], [[0.013190656900405884, -0.00597361708059907, -0.0009737355867400765], [-0.00597361708059907, 0.01521969959139824, 0.0027464590966701508], [-0.0009737355867400765, 0.0027464590966701508, -0.028410356491804123]], [[0.00897643156349659, -0.00046716563520021737, -0.009194258600473404], [-0.00046716563520021737, -0.0037127251271158457, -0.003679509973153472], [-0.009194258600473404, -0.003679509973153472, -0.0052637062035501]], [[-0.02470124140381813, 0.024520384147763252, 0.00824943371117115], [0.024520384147763252, -0.022233614698052406, -0.0012250967556610703], [0.00824943371117115, -0.0012250967556610703, 0.046934857964515686]], [[0.0033640465699136257, -0.009960873052477837, -0.0012885868782177567], [-0.009960873052477837, -0.0015332078328356147, -0.005532493814826012], [-0.0012885868782177567, -0.005532493814826012, -0.0018308386206626892]], [[-0.009573719464242458, 0.010885089635848999, -0.0032644097227603197], [0.010885089635848999, -0.012533491477370262, -0.005541724618524313], [-0.0032644097227603197, -0.005541724618524313, 0.022107211872935295]], [[0.013988349586725235, -0.013422544114291668, -0.00804287102073431], [-0.013422544114291668, 0.016124051064252853, -0.0012080989545211196], [-0.00804287102073431, -0.0012080989545211196, -0.03011240065097809]], [[-0.007961929775774479, 0.003086345037445426, 0.0010948919225484133], [0.003086345037445426, -0.006647300440818071, -0.004133090376853943], [0.0010948919225484133, -0.004133090376853943, 0.014609230682253838]]]\n",
      "[[0. 0. 0.]\n",
      " [0. 0. 0.]\n",
      " [0. 0. 0.]]\n",
      "0.0\n",
      "[[0.00000000e+00 2.64515721e-08 1.14801864e-07]\n",
      " [2.64515721e-08 0.00000000e+00 8.60026223e-10]\n",
      " [1.14801864e-07 8.60026223e-10 0.00000000e+00]]\n",
      "0.0\n",
      "[[0.00000000e+00 1.00869880e-08 2.12034820e-07]\n",
      " [1.00869880e-08 0.00000000e+00 3.87179982e-08]\n",
      " [2.12034820e-07 3.87179982e-08 0.00000000e+00]]\n",
      "0.0\n",
      "[[0.00000000e+00 2.20475031e-08 3.88047173e-08]\n",
      " [2.20475031e-08 0.00000000e+00 2.70631798e-12]\n",
      " [3.88047173e-08 2.70631798e-12 0.00000000e+00]]\n",
      "0.0\n",
      "[[0.00000000e+00 1.82647239e-07 4.96059518e-07]\n",
      " [1.82647239e-07 0.00000000e+00 2.14692457e-08]\n",
      " [4.96059518e-07 2.14692457e-08 0.00000000e+00]]\n",
      "0.0\n",
      "[[0.00000000e+00 1.54600601e-08 3.17636833e-09]\n",
      " [1.54600601e-08 0.00000000e+00 3.09100856e-11]\n",
      " [3.17636833e-09 3.09100856e-11 0.00000000e+00]]\n",
      "0.0\n",
      "[[0.00000000e+00 2.47923067e-08 9.14336980e-08]\n",
      " [2.47923067e-08 0.00000000e+00 2.64810423e-09]\n",
      " [9.14336980e-08 2.64810423e-09 0.00000000e+00]]\n",
      "0.0\n",
      "[[0.00000000e+00 4.32605830e-08 2.04046204e-07]\n",
      " [4.32605830e-08 0.00000000e+00 2.30766123e-08]\n",
      " [2.04046204e-07 2.30766123e-08 0.00000000e+00]]\n",
      "0.0\n",
      "[[0.00000000e+00 1.17843663e-08 7.79578066e-08]\n",
      " [1.17843663e-08 0.00000000e+00 8.45769146e-10]\n",
      " [7.79578066e-08 8.45769146e-10 0.00000000e+00]]\n",
      "0.0\n",
      "2.9100563492287635e-06\n",
      "[[[0.01219768077135086, 0.02260768786072731, 0.006727323867380619], [0.02260768786072731, -0.004538184963166714, 0.010276529006659985], [0.006727323867380619, 0.010276529006659985, -0.007659496273845434]], [[-0.006947076413780451, -0.014591402374207973, -0.0029463504906743765], [-0.014591402374207973, 0.00011110604827990755, -0.0013651279732584953], [-0.0029463504906743765, -0.0013651279732584953, 0.0068359700962901115]], [[-0.01672358252108097, -0.03176029026508331, -0.0048002623952925205], [-0.03176029026508331, -0.003939800430089235, -0.011321761645376682], [-0.0048002623952925205, -0.011321761645376682, 0.02066338248550892]], [[0.005200798157602549, 0.0064725554548203945, 0.00598016707226634], [0.0064725554548203945, -0.0016709049232304096, 0.006031848955899477], [0.00598016707226634, 0.006031848955899477, -0.0035298934672027826]], [[0.005917764268815517, 0.03357258439064026, 0.004086610395461321], [0.03357258439064026, -0.00019676686497405171, -0.001506057451479137], [0.004086610395461321, -0.001506057451479137, -0.005720997229218483]], [[0.008154923096299171, -0.001660653157159686, 0.0028348173946142197], [-0.001660653157159686, 0.0035069158766418695, 0.004459128249436617], [0.0028348173946142197, 0.004459128249436617, -0.011661838740110397]], [[0.012692105025053024, 0.025754496455192566, 0.0028030662797391415], [0.025754496455192566, -0.002060802187770605, 0.008364280685782433], [0.0028030662797391415, 0.008364280685782433, -0.010631303302943707]], [[-0.000554060039576143, -0.018127286806702614, -0.00626049330458045], [-0.018127286806702614, -0.0030953732784837484, 0.004382818005979061], [-0.00626049330458045, 0.004382818005979061, 0.0036494333762675524]], [[0.008593479171395302, 0.012108386494219303, 0.0003732793848030269], [0.012108386494219303, 0.0005958323599770665, 0.004219277761876583], [0.0003732793848030269, 0.004219277761876583, -0.009189311414957047]]]\n",
      "[[0. 0. 0.]\n",
      " [0. 0. 0.]\n",
      " [0. 0. 0.]]\n",
      "0.0\n",
      "[[0.00000000e+00 4.03681907e-09 2.35019315e-08]\n",
      " [4.03681907e-09 0.00000000e+00 9.29261071e-09]\n",
      " [2.35019315e-08 9.29261071e-09 0.00000000e+00]]\n",
      "0.0\n",
      "[[0.00000000e+00 7.25544433e-08 5.13571921e-08]\n",
      " [7.25544433e-08 0.00000000e+00 1.04093669e-07]\n",
      " [5.13571921e-08 1.04093669e-07 0.00000000e+00]]\n",
      "0.0\n",
      "[[0.00000000e+00 4.61131423e-09 1.68651262e-08]\n",
      " [4.61131423e-09 0.00000000e+00 8.34995760e-09]\n",
      " [1.68651262e-08 8.34995760e-09 0.00000000e+00]]\n",
      "0.0\n",
      "[[0.00000000e+00 1.38014440e-07 1.41531922e-07]\n",
      " [1.38014440e-07 0.00000000e+00 3.79998974e-08]\n",
      " [1.41531922e-07 3.79998974e-08 0.00000000e+00]]\n",
      "0.0\n",
      "[[0.00000000e+00 1.74259135e-08 1.66905144e-09]\n",
      " [1.74259135e-08 0.00000000e+00 4.44934370e-09]\n",
      " [1.66905144e-09 4.44934370e-09 0.00000000e+00]]\n",
      "0.0\n",
      "[[0.00000000e+00 1.56145284e-08 3.12628091e-08]\n",
      " [1.56145284e-08 0.00000000e+00 2.95343028e-08]\n",
      " [3.12628091e-08 2.95343028e-08 0.00000000e+00]]\n",
      "0.0\n",
      "[[0.00000000e+00 7.12934202e-08 3.58471772e-08]\n",
      " [7.12934202e-08 0.00000000e+00 4.02034510e-09]\n",
      " [3.58471772e-08 4.02034510e-09 0.00000000e+00]]\n",
      "0.0\n",
      "[[0.00000000e+00 2.15151808e-09 1.99550620e-08]\n",
      " [2.15151808e-09 0.00000000e+00 2.57299848e-08]\n",
      " [1.99550620e-08 2.57299848e-08 0.00000000e+00]]\n",
      "0.0\n",
      "5.825673891267075e-06\n",
      "[[[0.006169622298330069, 0.0067391968332231045, 0.009539171122014523], [0.0067391968332231045, 0.01244183536618948, 0.0076606906950473785], [0.009539171122014523, 0.0076606906950473785, -0.01861145719885826]], [[-0.01346640381962061, -0.0008741820347495377, -0.002779045607894659], [-0.0008741820347495377, -0.007418460678309202, -0.006401309743523598], [-0.002779045607894659, -0.006401309743523598, 0.020884864032268524]], [[-0.01578795537352562, -0.015552710741758347, -0.006818404421210289], [-0.015552710741758347, -0.02010638639330864, -0.00924079678952694], [-0.006818404421210289, -0.00924079678952694, 0.03589434176683426]], [[-0.008512494154274464, 0.008520709350705147, 0.0038314792327582836], [0.008520709350705147, 0.010866192169487476, 0.0043487586081027985], [0.0038314792327582836, 0.0043487586081027985, -0.002353697782382369]], [[0.026608649641275406, -0.006207770202308893, 0.001377797918394208], [-0.006207770202308893, 0.012896883301436901, 0.008993427269160748], [0.001377797918394208, 0.008993427269160748, -0.03950553387403488]], [[-0.0024482228327542543, 0.013095774687826633, 0.0019642768893390894], [0.013095774687826633, 0.008378145284950733, 0.004701727535575628], [0.0019642768893390894, 0.004701727535575628, -0.005929922219365835]], [[0.01839459128677845, 0.0037594230379909277, 0.008360601030290127], [0.0037594230379909277, 0.008372827433049679, 0.006536675151437521], [0.008360601030290127, 0.006536675151437521, -0.026767417788505554]], [[-0.006921352818608284, -0.00013275064702611417, 0.00404489366337657], [-0.00013275064702611417, -0.017200717702507973, -0.008021078072488308], [0.00404489366337657, -0.008021078072488308, 0.024122070521116257]], [[0.013626234605908394, 0.0035427697002887726, 0.004293003585189581], [0.0035427697002887726, 0.003638389054685831, 0.003984109498560429], [0.004293003585189581, 0.003984109498560429, -0.017264623194932938]]]\n",
      "[[0. 0. 0.]\n",
      " [0. 0. 0.]\n",
      " [0. 0. 0.]]\n",
      "0.0\n",
      "[[0.00000000e+00 4.18292680e-11 4.94493171e-08]\n",
      " [4.18292680e-11 0.00000000e+00 5.85486452e-11]\n",
      " [4.94493171e-08 5.85486452e-11 0.00000000e+00]]\n",
      "0.0\n",
      "[[0.00000000e+00 1.05828576e-09 1.45090762e-07]\n",
      " [1.05828576e-09 0.00000000e+00 5.97589758e-08]\n",
      " [1.45090762e-07 5.97589758e-08 0.00000000e+00]]\n",
      "0.0\n",
      "[[0.00000000e+00 7.97178483e-09 1.38605001e-08]\n",
      " [7.97178483e-09 0.00000000e+00 4.70439896e-10]\n",
      " [1.38605001e-08 4.70439896e-10 0.00000000e+00]]\n",
      "0.0\n",
      "[[0.00000000e+00 4.73720583e-10 2.38502235e-07]\n",
      " [4.73720583e-10 0.00000000e+00 2.87949733e-09]\n",
      " [2.38502235e-07 2.87949733e-09 0.00000000e+00]]\n",
      "0.0\n",
      "[[0.00000000e+00 4.25365976e-10 2.82730800e-09]\n",
      " [4.25365976e-10 0.00000000e+00 5.66869643e-09]\n",
      " [2.82730800e-09 5.66869643e-09 0.00000000e+00]]\n",
      "0.0\n",
      "[[0.00000000e+00 8.61407796e-09 4.34185781e-08]\n",
      " [8.61407796e-09 0.00000000e+00 2.09135248e-09]\n",
      " [4.34185781e-08 2.09135248e-09 0.00000000e+00]]\n",
      "0.0\n",
      "[[0.00000000e+00 3.09559880e-08 1.17873221e-07]\n",
      " [3.09559880e-08 0.00000000e+00 9.21712916e-09]\n",
      " [1.17873221e-07 9.21712916e-09 0.00000000e+00]]\n",
      "0.0\n",
      "[[0.00000000e+00 7.12561093e-09 3.55617678e-08]\n",
      " [7.12561093e-09 0.00000000e+00 1.70366556e-09]\n",
      " [3.55617678e-08 1.70366556e-09 0.00000000e+00]]\n",
      "0.0\n",
      "1.1584773978565473e-06\n",
      "[[[-0.0030389113817363977, -0.011378695257008076, -0.010541686788201332], [-0.011378695257008076, 0.005338040646165609, -0.0014487085863947868], [-0.010541686788201332, -0.0014487085863947868, -0.0022991294972598553]], [[0.005788309965282679, 0.011178828775882721, 0.002811623504385352], [0.011178828775882721, -0.010134289972484112, 0.0003463197499513626], [0.002811623504385352, 0.0003463197499513626, 0.0043459804728627205]], [[0.006947079207748175, 0.026187976822257042, 0.0011641057208180428], [0.026187976822257042, -0.004945859313011169, -0.00048383601824752986], [0.0011641057208180428, -0.00048383601824752986, -0.0020012198947370052]], [[0.0059129418805241585, -0.0023804204538464546, -0.0006422626902349293], [-0.0023804204538464546, -0.008999411948025227, -2.5365134206367657e-05], [-0.0006422626902349293, -2.5365134206367657e-05, 0.003086470067501068]], [[-0.008173623122274876, -0.01926330476999283, -0.0005331048741936684], [-0.01926330476999283, 0.02270498499274254, 0.006468832492828369], [-0.0005331048741936684, 0.006468832492828369, -0.014531361870467663]], [[0.0002290936536155641, -0.006974977441132069, 0.0022750406060367823], [-0.006974977441132069, -0.008762628771364689, -0.00449726264923811], [0.0022750406060367823, -0.00449726264923811, 0.008533535525202751]], [[-0.010578557848930359, -0.01677359826862812, -0.010815384797751904], [-0.01677359826862812, 0.014912890270352364, -0.0016614506021142006], [-0.010815384797751904, -0.0016614506021142006, -0.004334332421422005]], [[-0.004712244030088186, 0.011184551753103733, -0.011911118403077126], [0.011184551753103733, -0.0022382268216460943, -0.008175104856491089], [-0.011911118403077126, -0.008175104856491089, 0.006950470618903637]], [[-0.008730459026992321, -0.011567438021302223, -0.005636591464281082], [-0.011567438021302223, 0.00950400996953249, -0.0027836794033646584], [-0.005636591464281082, -0.0027836794033646584, -0.0007735505932942033]]]\n",
      "[[0. 0. 0.]\n",
      " [0. 0. 0.]\n",
      " [0. 0. 0.]]\n",
      "0.0\n",
      "[[0.00000000e+00 7.73631577e-09 6.44083284e-10]\n",
      " [7.73631577e-09 0.00000000e+00 4.55872290e-09]\n",
      " [6.44083284e-10 4.55872290e-09 0.00000000e+00]]\n",
      "0.0\n",
      "[[0.00000000e+00 5.96947918e-09 1.87452111e-08]\n",
      " [5.96947918e-09 0.00000000e+00 6.49527952e-08]\n",
      " [1.87452111e-08 6.49527952e-08 0.00000000e+00]]\n",
      "0.0\n",
      "[[0.00000000e+00 3.57061603e-08 7.35006400e-10]\n",
      " [3.57061603e-08 0.00000000e+00 1.25941052e-09]\n",
      " [7.35006400e-10 1.25941052e-09 0.00000000e+00]]\n",
      "0.0\n",
      "[[0.00000000e+00 6.70578015e-08 1.16268156e-09]\n",
      " [6.70578015e-08 0.00000000e+00 8.77097763e-09]\n",
      " [1.16268156e-09 8.77097763e-09 0.00000000e+00]]\n",
      "0.0\n",
      "[[0.00000000e+00 4.47101408e-08 2.31915324e-09]\n",
      " [4.47101408e-08 0.00000000e+00 2.52233106e-08]\n",
      " [2.31915324e-09 2.52233106e-08 0.00000000e+00]]\n",
      "0.0\n",
      "[[0.00000000e+00 2.18157747e-08 3.99658616e-09]\n",
      " [2.18157747e-08 0.00000000e+00 1.48704448e-09]\n",
      " [3.99658616e-09 1.48704448e-09 0.00000000e+00]]\n",
      "0.0\n",
      "[[0.00000000e+00 2.80051434e-09 2.40872105e-11]\n",
      " [2.80051434e-09 0.00000000e+00 3.15739551e-08]\n",
      " [2.40872105e-11 3.15739551e-08 0.00000000e+00]]\n",
      "0.0\n",
      "[[0.00000000e+00 7.99337822e-09 4.19808042e-09]\n",
      " [7.99337822e-09 0.00000000e+00 4.11823746e-09]\n",
      " [4.19808042e-09 4.11823746e-09 0.00000000e+00]]\n",
      "0.0\n",
      "3.914337671454329e-06\n",
