{
 "cells": [
  {
   "cell_type": "code",
   "execution_count": 1,
   "id": "50b8c2a7",
   "metadata": {},
   "outputs": [],
   "source": [
    "import numpy as np\n",
    "import matplotlib.pyplot as plt\n",
    "import pandas as pd\n",
    "from pandas import DataFrame as DF\n",
    "from sympy import diff\n",
    "from sympy.abc import x,y\n",
    "from sympy import cos\n",
    "from sympy import *\n",
    "from sympy import lambdify\n",
    "from itertools import product\n",
    "import random\n",
    "from scipy.linalg import norm\n",
    "import time\n",
    "import re"
   ]
  },
  {
   "cell_type": "markdown",
   "id": "7669ad9a",
   "metadata": {},
   "source": [
    "**Define path.**"
   ]
  },
  {
   "cell_type": "code",
   "execution_count": 2,
   "id": "37bb2de1",
   "metadata": {},
   "outputs": [],
   "source": [
    "# Defining path to folder raw data is saved in\n",
    "path = \"C:/Users/robtk/OneDrive/Desktop/DIAS Internship/Raw data/Harmonic oscillator warm up/\""
   ]
  },
  {
   "cell_type": "markdown",
   "id": "1ac5861a",
   "metadata": {},
   "source": [
    "### Set display of pandas dataframes and Series to 11 decimal places"
   ]
  },
  {
   "cell_type": "code",
   "execution_count": 3,
   "id": "4f450dbb",
   "metadata": {},
   "outputs": [],
   "source": [
    "pd.set_option(\"display.precision\", 11)"
   ]
  },
  {
   "cell_type": "markdown",
   "id": "8cd13fa6",
   "metadata": {},
   "source": [
    "## Read in the outputs for 9 4x4 Complex Matrices"
   ]
  },
  {
   "cell_type": "code",
   "execution_count": 124,
   "id": "319ad49e",
   "metadata": {},
   "outputs": [],
   "source": [
    "data = []\n",
    "my_regex = re.compile(\"-?\\d+.\\d+\")\n",
    "for line in open(path+'X_original_sprott_sim5.txt'):\n",
    "    items = re.findall(my_regex, line)\n",
    "    \n",
    "\n",
    "    curr_items = [] \n",
    "    for k in range(int((len(items))/2)):\n",
    "        curr_items.append(complex(float(items[2*k]), float(items[2*k+1])))\n",
    "    data.append(curr_items)\n",
    "\n",
    "\n",
    "data = np.array(data).reshape(-1, 4, np.array(data).shape[1])\n",
    "\n",
    "X_matrices = [None] * 9  # List to store the nine new arrays\n",
    "\n",
    "for i in range(9):\n",
    "    X_matrices[i] = data[i::9] # i::9 starts at the ith element and goes up in steps of 9 until the we get out of index of the array.\n",
    "\n",
    "# X_matrices is now a list of 9 arrays, each holding the time evolutions of X1-X9 respectively.\n",
    "\n",
    "# Put each array into a column of a dataframe\n",
    "labels = [\"X1\", \"X2\", \"X3\", \"X4\", \"X5\", \"X6\", \"X7\", \"X8\", \"X9\"]\n",
    "\n",
    "delta_t = 1*10**-3\n",
    "record_steps = 1000\n",
    "seconds_simulated = 50\n",
    "simulation_repetitions = seconds_simulated / delta_t\n",
    "\n",
    "times = np.arange(0, simulation_repetitions*delta_t + delta_t*record_steps, delta_t*record_steps)\n",
    "\n",
    "X1_sprott_DF = pd.DataFrame({\"X1\" : X_matrices[0].tolist(), \"X2\" : X_matrices[1].tolist(), \"X3\" : X_matrices[2].tolist(), \"X4\" : X_matrices[3].tolist(), \"X5\" : X_matrices[4].tolist(),\n",
    "                     \"X6\" : X_matrices[5].tolist(), \"X7\" : X_matrices[6].tolist(), \"X8\" : X_matrices[7].tolist(), \"X9\" : X_matrices[8].tolist()}, index = times,\n",
    "                    columns = labels)\n"
   ]
  },
  {
   "cell_type": "code",
   "execution_count": null,
   "id": "815f6072",
   "metadata": {},
   "outputs": [],
   "source": [
    "data = []\n",
    "my_regex = re.compile(\"-?\\d+.\\d+\")\n",
    "\n",
    "for line in open(path+'V_perturbed_1_sim5.txt'):\n",
    "    items = re.findall(my_regex, line)\n",
    "    \n",
    "\n",
    "    curr_items = [] \n",
    "    for k in range(int((len(items))/2)):\n",
    "        curr_items.append(complex(float(items[2*k]), float(items[2*k+1])))\n",
    "    data.append(curr_items)\n",
    "\n",
    "data = np.array(data).reshape(-1, 4, np.array(data).shape[1])\n",
    "\n",
    "V_matrices = [None] * 9  # List to store the nine new arrays\n",
    "\n",
    "for i in range(9):\n",
    "    V_matrices[i] = data[i::9] # i::9 starts at the ith element and goes up in steps of 9 until the we get out of index of the array.\n",
    "\n",
    "# V_matrices is now a list of 9 arrays, each holding the time evolutions of V1-V9 respectively.\n",
    "\n",
    "\n",
    "# Put each array into a column of a dataframe\n",
    "labels = [\"V1\", \"V2\", \"V3\", \"V4\", \"V5\", \"V6\", \"V7\", \"V8\", \"V9\"]\n",
    "\n",
    "delta_t = 1*10**-4\n",
    "record_steps = 1000\n",
    "seconds_simulated = 100\n",
    "simulation_repetitions = seconds_simulated / delta_t\n",
    "\n",
    "times = np.arange(0, simulation_repetitions*delta_t + delta_t*record_steps, delta_t*record_steps)\n",
    "\n",
    "V1_DF = pd.DataFrame({\"V1\" : V_matrices[0].tolist(), \"V2\" : V_matrices[1].tolist(), \"V3\" : V_matrices[2].tolist(), \"V4\" : V_matrices[3].tolist(), \"V5\" : V_matrices[4].tolist(),\n",
    "                     \"V6\" : V_matrices[5].tolist(), \"V7\" : V_matrices[6].tolist(), \"V8\" : V_matrices[7].tolist(), \"V9\" : V_matrices[8].tolist()}, index = times,\n",
    "                    columns = labels)\n"
   ]
  },
  {
   "cell_type": "markdown",
   "id": "506ce85b",
   "metadata": {},
   "source": [
    "**Check that the Gauss' law constraint is conserved.**"
   ]
  },
  {
   "cell_type": "code",
   "execution_count": 28,
   "id": "6cd9af47",
   "metadata": {},
   "outputs": [],
   "source": [
    "# Define the commutator\n",
    "def commutator(A,B):\n",
    "    \n",
    "    # matmul() multiplies two matrices together\n",
    "    return np.matmul(A,B) - np.matmul(B,A)"
   ]
  },
  {
   "cell_type": "markdown",
   "id": "90939c45",
   "metadata": {},
   "source": [
    "## Are Xi still traceless"
   ]
  },
  {
   "cell_type": "markdown",
   "id": "7286892a",
   "metadata": {},
   "source": [
    "## Gauss' Law test"
   ]
  },
  {
   "cell_type": "code",
   "execution_count": 29,
   "id": "8930f397",
   "metadata": {
    "scrolled": true
   },
   "outputs": [
    {
     "name": "stdout",
     "output_type": "stream",
     "text": [
      "1\n",
      "[[ 0.        +0.00021483j  0.00302125+0.00346042j -0.00319109+0.00073782j\n",
      "  -0.00349577-0.00842825j]\n",
      " [-0.00302125+0.00346042j  0.        -0.001713j    0.00338244+0.00852136j\n",
      "  -0.001296  -0.00089674j]\n",
      " [ 0.00319109+0.00073782j -0.00338244+0.00852136j  0.        +0.00025925j\n",
      "   0.00557697-0.00631859j]\n",
      " [ 0.00349577-0.00842825j  0.001296  -0.00089674j -0.00557697-0.00631859j\n",
      "   0.        +0.00123892j]]\n",
      "2\n",
      "[[ 0.00000000e+00+5.28695299e-11j  1.97680206e-11+3.82622736e-11j\n",
      "  -1.22968030e-10+4.76729212e-11j -2.63690077e-11-1.16516677e-10j]\n",
      " [-1.97680206e-11+3.82622736e-11j  0.00000000e+00-7.58473527e-11j\n",
      "   2.73341523e-11+1.40336961e-10j -5.59485930e-11-2.99379462e-11j]\n",
      " [ 1.22968030e-10+4.76729212e-11j -2.73341523e-11+1.40336961e-10j\n",
      "   0.00000000e+00-8.00748530e-12j  1.26687480e-10-9.08689287e-11j]\n",
      " [ 2.63690077e-11-1.16516677e-10j  5.59485930e-11-2.99379462e-11j\n",
      "  -1.26687480e-10-9.08689287e-11j  0.00000000e+00+3.09853098e-11j]]\n",
      "3\n",
      "[[ 0.00000000e+00+6.81845587e-11j  8.50546369e-12+3.66200082e-11j\n",
      "  -1.63977240e-10+6.11530167e-11j -3.26189891e-11-1.55173326e-10j]\n",
      " [-8.50546369e-12+3.66200082e-11j  0.00000000e+00-9.56449520e-11j\n",
      "   4.63113575e-11+1.96698297e-10j -6.85176030e-11-2.53665439e-11j]\n",
      " [ 1.63977240e-10+6.11530167e-11j -4.63113575e-11+1.96698297e-10j\n",
      "   0.00000000e+00+1.10156589e-11j  1.74305653e-10-1.26010402e-10j]\n",
      " [ 3.26189891e-11-1.55173326e-10j  6.85176030e-11-2.53665439e-11j\n",
      "  -1.74305653e-10-1.26010402e-10j  0.00000000e+00+1.64447258e-11j]]\n",
      "4\n",
      "[[ 0.00000000e+00+8.63163083e-11j -1.39454177e-11+2.82863524e-11j\n",
      "  -2.14285031e-10+7.89701360e-11j -3.62854148e-11-1.97356683e-10j]\n",
      " [ 1.39454177e-11+2.82863524e-11j  0.00000000e+00-1.16913592e-10j\n",
      "   7.03395883e-11+2.66945729e-10j -8.34859560e-11-1.29018393e-11j]\n",
      " [ 2.14285031e-10+7.89701360e-11j -7.03395883e-11+2.66945729e-10j\n",
      "   0.00000000e+00+4.43086227e-11j  2.34105131e-10-1.65047398e-10j]\n",
      " [ 3.62854148e-11-1.97356683e-10j  8.34859560e-11-1.29018393e-11j\n",
      "  -2.34105131e-10-1.65047398e-10j  0.00000000e+00-1.37113394e-11j]]\n",
      "5\n",
      "[[ 0.00000000e+00+1.07464378e-10j -5.15280579e-11+1.14267189e-11j\n",
      "  -2.73621244e-10+1.01614307e-10j -3.42532331e-11-2.39643343e-10j]\n",
      " [ 5.15280579e-11+1.14267189e-11j  0.00000000e+00-1.38556128e-10j\n",
      "   1.00294346e-10+3.51075564e-10j -1.00946582e-10+1.04018200e-11j]\n",
      " [ 2.73621244e-10+1.01614307e-10j -1.00294346e-10+3.51075564e-10j\n",
      "   0.00000000e+00+9.43392725e-11j  3.05647098e-10-2.06087590e-10j]\n",
      " [ 3.42532331e-11-2.39643343e-10j  1.00946582e-10+1.04018200e-11j\n",
      "  -3.05647098e-10-2.06087590e-10j  0.00000000e+00-6.32475392e-11j]]\n",
      "6\n",
      "[[ 0.00000000e+00+1.31543233e-10j -1.08005624e-10-1.53166377e-11j\n",
      "  -3.40764006e-10+1.28987130e-10j -2.30575012e-11-2.77628764e-10j]\n",
      " [ 1.08005624e-10-1.53166377e-11j  0.00000000e+00-1.58903068e-10j\n",
      "   1.37053847e-10+4.48012977e-10j -1.20477423e-10+4.73184634e-11j]\n",
      " [ 3.40764006e-10+1.28987130e-10j -1.37053847e-10+4.48012977e-10j\n",
      "   0.00000000e+00+1.62556120e-10j  3.87385167e-10-2.46591664e-10j]\n",
      " [ 2.30575012e-11-2.77628764e-10j  1.20477423e-10+4.73184634e-11j\n",
      "  -3.87385167e-10-2.46591664e-10j  0.00000000e+00-1.35196276e-10j]]\n",
      "7\n",
      "[[ 0.00000000e+00+1.58200432e-10j -1.86436935e-10-5.25044435e-11j\n",
      "  -4.13657636e-10+1.60186565e-10j  6.88938490e-13-3.06311618e-10j]\n",
      " [ 1.86436935e-10-5.25044435e-11j  0.00000000e+00-1.75850692e-10j\n",
      "   1.81378520e-10+5.55528980e-10j -1.40999316e-10+9.99610308e-11j]\n",
      " [ 4.13657636e-10+1.60186565e-10j -1.81378520e-10+5.55528980e-10j\n",
      "   0.00000000e+00+2.48958142e-10j  4.76725340e-10-2.83528713e-10j]\n",
      " [-6.88938490e-13-3.06311618e-10j  1.40999316e-10+9.99610308e-11j\n",
      "  -4.76725340e-10-2.83528713e-10j  0.00000000e+00-2.31307884e-10j]]\n",
      "8\n",
      "[[ 0.00000000e+00+1.86877312e-10j -2.88599182e-10-9.96262560e-11j\n",
      "  -4.89656302e-10+1.93383847e-10j  3.97647982e-11-3.20637364e-10j]\n",
      " [ 2.88599182e-10-9.96262560e-11j  0.00000000e+00-1.87141752e-10j\n",
      "   2.33726594e-10+6.70261388e-10j -1.60699100e-10+1.69225387e-10j]\n",
      " [ 4.89656302e-10+1.93383847e-10j -2.33726594e-10+6.70261388e-10j\n",
      "   0.00000000e+00+3.51755552e-10j  5.70212667e-10-3.13639364e-10j]\n",
      " [-3.97647982e-11-3.20637364e-10j  1.60699100e-10+1.69225387e-10j\n",
      "  -5.70212667e-10-3.13639364e-10j  0.00000000e+00-3.51491117e-10j]]\n",
      "9\n",
      "[[ 0.00000000e+00+2.16921183e-10j -4.14466269e-10-1.54931876e-10j\n",
      "  -5.65878934e-10+2.25810839e-10j  9.57524060e-11-3.16151855e-10j]\n",
      " [ 4.14466269e-10-1.54931876e-10j  0.00000000e+00-1.90773198e-10j\n",
      "   2.94013883e-10+7.87878745e-10j -1.77052607e-10+2.54261934e-10j]\n",
      " [ 5.65878934e-10+2.25810839e-10j -2.94013883e-10+7.87878745e-10j\n",
      "   0.00000000e+00+4.67198627e-10j  6.63865716e-10-3.33798262e-10j]\n",
      " [-9.57524060e-11-3.16151855e-10j  1.77052607e-10+2.54261934e-10j\n",
      "  -6.63865716e-10-3.33798262e-10j  0.00000000e+00-4.93346607e-10j]]\n",
      "10\n",
      "[[ 0.00000000e+00+2.47703164e-10j -5.61788259e-10-2.15393398e-10j\n",
      "  -6.39583707e-10+2.53954632e-10j  1.68472377e-10-2.89694591e-10j]\n",
      " [ 5.61788259e-10-2.15393398e-10j  0.00000000e+00-1.85462978e-10j\n",
      "   3.61330514e-10+9.03398665e-10j -1.86986629e-10+3.52058337e-10j]\n",
      " [ 6.39583707e-10+2.53954632e-10j -3.61330514e-10+9.03398665e-10j\n",
      "   0.00000000e+00+5.89638409e-10j  7.53634641e-10-3.41445924e-10j]\n",
      " [-1.68472377e-10-2.89694591e-10j  1.86986629e-10+3.52058337e-10j\n",
      "  -7.53634641e-10-3.41445924e-10j  0.00000000e+00-6.51878607e-10j]]\n",
      "11\n",
      "[[ 0.00000000e+00+2.78707082e-10j -7.25899394e-10-2.76840244e-10j\n",
      "  -7.08481263e-10+2.73911043e-10j  2.55569871e-10-2.40015997e-10j]\n",
      " [ 7.25899394e-10-2.76840244e-10j  0.00000000e+00-1.71092304e-10j\n",
      "   4.33680373e-10+1.01163654e-09j -1.87178620e-10+4.57273200e-10j]\n",
      " [ 7.08481263e-10+2.73911043e-10j -4.33680373e-10+1.01163654e-09j\n",
      "   0.00000000e+00+7.11896512e-10j  8.35930683e-10-3.35039997e-10j]\n",
      " [-2.55569871e-10-2.40015997e-10j  1.87178620e-10+4.57273200e-10j\n",
      "  -8.35930683e-10-3.35039997e-10j  0.00000000e+00-8.19511311e-10j]]\n",
      "12\n",
      "[[ 0.00000000e+00+3.09550904e-10j -8.99776611e-10-3.34250879e-10j\n",
      "  -7.70884275e-10+2.81915279e-10j  3.52366975e-10-1.68187112e-10j]\n",
      " [ 8.99776611e-10-3.34250879e-10j  0.00000000e+00-1.48974119e-10j\n",
      "   5.07785345e-10+1.10773234e-09j -1.74475783e-10+5.62410377e-10j]\n",
      " [ 7.70884275e-10+2.81915279e-10j -5.07785345e-10+1.10773234e-09j\n",
      "   0.00000000e+00+8.25907145e-10j  9.08123928e-10-3.14456936e-10j]\n",
      " [-3.52366975e-10-1.68187112e-10j  1.74475783e-10+5.62410377e-10j\n",
      "  -9.08123928e-10-3.14456936e-10j  0.00000000e+00-9.86483917e-10j]]\n",
      "13\n",
      "[[ 0.00000000e+00+3.39926354e-10j -1.07440487e-09-3.82181488e-10j\n",
      "  -8.25641618e-10+2.74971296e-10j  4.52080109e-10-7.76967952e-11j]\n",
      " [ 1.07440487e-09-3.82181488e-10j  0.00000000e+00-1.21857179e-10j\n",
      "   5.79040899e-10+1.18763850e-09j -1.46370289e-10+6.58413869e-10j]\n",
      " [ 8.25641618e-10+2.74971296e-10j -5.79040899e-10+1.18763850e-09j\n",
      "   0.00000000e+00+9.23586700e-10j  9.68894888e-10-2.81232197e-10j]\n",
      " [-4.52080109e-10-7.76967952e-11j  1.46370289e-10+6.58413869e-10j\n",
      "  -9.68894888e-10-2.81232197e-10j  0.00000000e+00-1.14165587e-09j]]\n",
      "14\n",
      "[[ 0.00000000e+00+3.69479144e-10j -1.23941564e-09-4.15274839e-10j\n",
      "  -8.71875110e-10+2.51453976e-10j  5.46435114e-10+2.58432303e-11j]\n",
      " [ 1.23941564e-09-4.15274839e-10j  0.00000000e+00-9.36344249e-11j\n",
      "   6.41689415e-10+1.24847275e-09j -1.01437506e-10+7.35657146e-10j]\n",
      " [ 8.71875110e-10+2.51453976e-10j -6.41689415e-10+1.24847275e-09j\n",
      "   0.00000000e+00+9.97810897e-10j  1.01832442e-09-2.38572431e-10j]\n",
      " [-5.46435114e-10+2.58432303e-11j  1.01437506e-10+7.35657146e-10j\n",
      "  -1.01832442e-09-2.38572431e-10j  0.00000000e+00-1.27365562e-09j]]\n",
      "15\n",
      "[[ 0.00000000e+00+3.97679745e-10j -1.38391855e-09-4.28770762e-10j\n",
      "  -9.08599978e-10+2.11602364e-10j  6.26625467e-10+1.35335663e-10j]\n",
      " [ 1.38391855e-09-4.28770762e-10j  0.00000000e+00-6.87629675e-11j\n",
      "   6.89256454e-10+1.28866083e-09j -3.96371061e-11+7.85212676e-10j]\n",
      " [ 9.08599978e-10+2.11602364e-10j -6.89256454e-10+1.28866083e-09j\n",
      "   0.00000000e+00+1.04331355e-09j  1.05764846e-09-1.91109805e-10j]\n",
      " [-6.26625467e-10+1.35335663e-10j  3.96371061e-11+7.85212676e-10j\n",
      "  -1.05764846e-09-1.91109805e-10j  0.00000000e+00-1.37223032e-09j]]\n",
      "16\n",
      "[[ 0.00000000e+00+4.23743552e-10j -1.49741375e-09-4.18953272e-10j\n",
      "  -9.34374413e-10+1.57765110e-10j  6.84454665e-10+2.43098174e-10j]\n",
      " [ 1.49741375e-09-4.18953272e-10j  0.00000000e+00-5.15334424e-11j\n",
      "   7.15233997e-10+1.30779979e-09j  3.75734856e-11+8.00188174e-10j]\n",
      " [ 9.34374413e-10+1.57765110e-10j -7.15233997e-10+1.30779979e-09j\n",
      "   0.00000000e+00+1.05734899e-09j  1.08869115e-09-1.44372519e-10j]\n",
      " [-6.84454665e-10+2.43098174e-10j -3.75734856e-11+8.00188174e-10j\n",
      "  -1.08869115e-09-1.44372519e-10j  0.00000000e+00-1.42955911e-09j]]\n",
      "17\n",
      "[[ 0.00000000e+00+4.46647490e-10j -1.57069321e-09-3.83461498e-10j\n",
      "  -9.47118745e-10+9.43430820e-11j  7.13477351e-10+3.41846839e-10j]\n",
      " [ 1.57069321e-09-3.83461498e-10j  0.00000000e+00-4.53578061e-11j\n",
      "   7.13939548e-10+1.30634449e-09j  1.27361392e-10+7.76876154e-10j]\n",
      " [ 9.47118745e-10+9.43430820e-11j -7.13939548e-10+1.30634449e-09j\n",
      "   0.00000000e+00+1.03999744e-09j  1.11309424e-09-1.04080466e-10j]\n",
      " [-7.13477351e-10+3.41846839e-10j -1.27361392e-10+7.76876154e-10j\n",
      "  -1.11309424e-09-1.04080466e-10j  0.00000000e+00-1.44128712e-09j]]\n",
      "18\n",
      "[[ 0.00000000e+00+4.65270043e-10j -1.59659792e-09-3.21469480e-10j\n",
      "  -9.44231656e-10+2.74196464e-11j  7.09880660e-10+4.25552430e-10j]\n",
      " [ 1.59659792e-09-3.21469480e-10j  0.00000000e+00-5.22473679e-11j\n",
      "   6.81417266e-10+1.28514977e-09j  2.25814771e-10+7.15459243e-10j]\n",
      " [ 9.44231656e-10+2.74196464e-11j -6.81417266e-10+1.28514977e-09j\n",
      "   0.00000000e+00+9.94038997e-10j  1.13151522e-09-7.53432351e-11j]\n",
      " [-7.09880660e-10+4.25552430e-10j -2.25814771e-10+7.15459243e-10j\n",
      "  -1.13151522e-09-7.53432351e-11j  0.00000000e+00-1.40706165e-09j]]\n",
      "19\n",
      "[[ 0.00000000e+00+4.78617399e-10j -1.57055692e-09-2.33711468e-10j\n",
      "  -9.22978349e-10-3.58888266e-11j  6.72972471e-10+4.90034562e-10j]\n",
      " [ 1.57055692e-09-2.33711468e-10j  0.00000000e+00-7.25898213e-11j\n",
      "   6.16217889e-10+1.24506951e-09j  3.28350650e-10+6.20127342e-10j]\n",
      " [ 9.22978349e-10-3.58888266e-11j -6.16217889e-10+1.24506951e-09j\n",
      "   0.00000000e+00+9.24448441e-10j  1.14302728e-09-6.19101541e-11j]\n",
      " [-6.72972471e-10+4.90034562e-10j -3.28350650e-10+6.20127342e-10j\n",
      "  -1.14302728e-09-6.19101541e-11j  0.00000000e+00-1.33047603e-09j]]\n",
      "20\n",
      "[[ 0.00000000e+00+4.86075798e-10j -1.49089018e-09-1.22396817e-10j\n",
      "  -8.81092379e-10-8.82613670e-11j  6.05159619e-10+5.33192140e-10j]\n",
      " [ 1.49089018e-09-1.22396817e-10j  0.00000000e+00-1.05281417e-10j\n",
      "   5.19888679e-10+1.18666708e-09j  4.30121406e-10+4.98568112e-10j]\n",
      " [ 8.81092379e-10-8.82613670e-11j -5.19888679e-10+1.18666708e-09j\n",
      "   0.00000000e+00+8.37618547e-10j  1.14488295e-09-6.55745389e-11j]\n",
      " [-6.05159619e-10+5.33192140e-10j -4.30121406e-10+4.98568112e-10j\n",
      "  -1.14488295e-09-6.55745389e-11j  0.00000000e+00-1.21841293e-09j]]\n",
      "21\n",
      "[[ 0.00000000e+00+4.87638669e-10j -1.35886456e-09+8.94819115e-12j\n",
      "  -8.17404328e-10-1.23075612e-10j  5.11483493e-10+5.54877200e-10j]\n",
      " [ 1.35886456e-09+8.94819115e-12j  0.00000000e+00-1.48146119e-10j\n",
      "   3.97055827e-10+1.11015631e-09j  5.26334797e-10+3.60927052e-10j]\n",
      " [ 8.17404328e-10-1.23075612e-10j -3.97055827e-10+1.11015631e-09j\n",
      "   0.00000000e+00+7.40448678e-10j  1.13274127e-09-8.58397207e-11j]\n",
      " [-5.11483493e-10+5.54877200e-10j -5.26334797e-10+3.60927052e-10j\n",
      "  -1.13274127e-09-8.58397207e-11j  0.00000000e+00-1.07994124e-09j]]\n",
      "22\n",
      "[[ 0.00000000e+00+4.84031020e-10j -1.17851853e-09+1.55680339e-10j\n",
      "  -7.32329119e-10-1.35237800e-10j  3.98812063e-10+5.56478998e-10j]\n",
      " [ 1.17851853e-09+1.55680339e-10j  0.00000000e+00-1.98514986e-10j\n",
      "   2.55051935e-10+1.01554076e-09j  6.12450313e-10+2.18461626e-10j]\n",
      " [ 7.32329119e-10-1.35237800e-10j -2.55051935e-10+1.01554076e-09j\n",
      "   0.00000000e+00+6.39452579e-10j  1.10131697e-09-1.19863428e-10j]\n",
      " [-3.98812063e-10+5.56478998e-10j -6.12450313e-10+2.18461626e-10j\n",
      "  -1.10131697e-09-1.19863428e-10j  0.00000000e+00-9.24968609e-10j]]\n",
      "23\n",
      "[[ 0.00000000e+00+4.76713037e-10j -9.56336267e-10+3.12256821e-10j\n",
      "  -6.28075869e-10-1.21852296e-10j  2.74881187e-10+5.40358286e-10j]\n",
      " [ 9.56336267e-10+3.12256821e-10j  0.00000000e+00-2.53846845e-10j\n",
      "   1.03136943e-10+9.02916245e-10j  6.84238945e-10+8.21150092e-11j]\n",
      " [ 6.28075869e-10-1.21852296e-10j -1.03136943e-10+9.02916245e-10j\n",
      "   0.00000000e+00+5.40025878e-10j  1.04532860e-09-1.62707618e-10j]\n",
      " [-2.74881187e-10+5.40358286e-10j -6.84238945e-10+8.21150092e-11j\n",
      "  -1.04532860e-09-1.62707618e-10j  0.00000000e+00-7.62892069e-10j]]\n",
      "24\n",
      "[[ 0.00000000e+00+4.67762783e-10j -7.00791834e-10+4.72479161e-10j\n",
      "  -5.08523749e-10-8.26236128e-11j  1.47373181e-10+5.09245163e-10j]\n",
      " [ 7.00791834e-10+4.72479161e-10j  0.00000000e+00-3.12232627e-10j\n",
      "  -4.85685170e-11+7.72832563e-10j  7.37764013e-10-3.87642973e-11j]\n",
      " [ 5.08523749e-10-8.26236128e-11j  4.85685170e-11+7.72832563e-10j\n",
      "   0.00000000e+00+4.45935362e-10j  9.60528025e-10-2.07803559e-10j]\n",
      " [-1.47373181e-10+5.09245163e-10j -7.37764013e-10-3.87642973e-11j\n",
      "  -9.60528025e-10-2.07803559e-10j  0.00000000e+00-6.01465520e-10j]]\n",
      "25\n",
      "[[ 0.00000000e+00+4.59653059e-10j -4.21835358e-10+6.29757144e-10j\n",
      "  -3.78810913e-10-1.99627780e-11j  2.31678444e-11+4.65724459e-10j]\n",
      " [ 4.21835358e-10+6.29757144e-10j  0.00000000e+00-3.72705457e-10j\n",
      "  -1.90255481e-10+6.26640228e-10j  7.69347787e-10-1.37390394e-10j]\n",
      " [ 3.78810913e-10-1.99627780e-11j  1.90255481e-10+6.26640228e-10j\n",
      "   0.00000000e+00+3.59090965e-10j  8.44607693e-10-2.47621968e-10j]\n",
      " [-2.31678444e-11+4.65724459e-10j -7.69347787e-10-1.37390394e-10j\n",
      "  -8.44607693e-10-2.47621968e-10j  0.00000000e+00-4.46038522e-10j]]\n",
      "26\n",
      "[[ 0.00000000e+00+4.54972282e-10j -1.30355393e-10+7.77401839e-10j\n",
      "  -2.44739514e-10+6.12255906e-11j -9.21327389e-11+4.11874715e-10j]\n",
      " [ 1.30355393e-10+7.77401839e-10j  0.00000000e+00-4.35328919e-10j\n",
      "  -3.13525428e-10+4.66723521e-10j  7.75586340e-10-2.10126801e-10j]\n",
      " [ 2.44739514e-10+6.12255906e-11j  3.13525428e-10+4.66723521e-10j\n",
      "   0.00000000e+00+2.79587031e-10j  6.97813082e-10-2.74420771e-10j]\n",
      " [ 9.21327389e-11+4.11874715e-10j -7.75586340e-10-2.10126801e-10j\n",
      "  -6.97813082e-10-2.74420771e-10j  0.00000000e+00-2.99230404e-10j]]\n",
      "27\n",
      "[[ 0.00000000e+00+4.56126907e-10j  1.62356302e-10+9.08965336e-10j\n",
      "  -1.12135676e-10+1.54032214e-10j -1.94401665e-10+3.49096183e-10j]\n",
      " [-1.62356302e-10+9.08965336e-10j  0.00000000e+00-5.01063137e-10j\n",
      "  -4.12239685e-10+2.96602534e-10j  7.53464534e-10-2.56677247e-10j]\n",
      " [ 1.12135676e-10+1.54032214e-10j  4.12239685e-10+2.96602534e-10j\n",
      "   0.00000000e+00+2.05990610e-10j  5.23154284e-10-2.81017078e-10j]\n",
      " [ 1.94401665e-10+3.49096183e-10j -7.53464534e-10-2.56677247e-10j\n",
      "  -5.23154284e-10-2.81017078e-10j  0.00000000e+00-1.61054375e-10j]]\n",
      "28\n",
      "[[ 0.00000000e+00+4.65067387e-10j  4.45110927e-10+1.01859379e-09j\n",
      "   1.37139970e-11+2.50260795e-10j -2.80917772e-10+2.78115683e-10j]\n",
      " [-4.45110927e-10+1.01859379e-09j  0.00000000e+00-5.71442279e-10j\n",
      "  -4.83020192e-10+1.20868401e-10j  7.00565448e-10-2.79924858e-10j]\n",
      " [-1.37139970e-11+2.50260795e-10j  4.83020192e-10+1.20868401e-10j\n",
      "   0.00000000e+00+1.35794279e-10j  3.26203901e-10-2.61500762e-10j]\n",
      " [ 2.80917772e-10+2.78115683e-10j -7.00565448e-10-2.79924858e-10j\n",
      "  -3.26203901e-10-2.61500762e-10j  0.00000000e+00-2.94194009e-11j]]\n",
      "29\n",
      "[[ 0.00000000e+00+4.83066143e-10j  7.07301186e-10+1.10138616e-09j\n",
      "   1.28473964e-10+3.41270914e-10j -3.50114720e-10+1.99151824e-10j]\n",
      " [-7.07301186e-10+1.10138616e-09j  0.00000000e+00-6.48154546e-10j\n",
      "  -5.25349094e-10-5.50194933e-11j  6.15375041e-10-2.85485482e-10j]\n",
      " [-1.28473964e-10+3.41270914e-10j  5.25349094e-10-5.50194933e-11j\n",
      "   0.00000000e+00+6.59903555e-11j  1.14535985e-10-2.11828947e-10j]\n",
      " [ 3.50114720e-10+1.99151824e-10j -6.15375041e-10-2.85485482e-10j\n",
      "  -1.14535985e-10-2.11828947e-10j  0.00000000e+00+9.90980492e-11j]]\n",
      "30\n",
      "[[ 0.00000000e+00+5.10587156e-10j  9.39352568e-10+1.15370061e-09j\n",
      "   2.28981008e-10+4.18871340e-10j -4.01229394e-10+1.12180603e-10j]\n",
      " [-9.39352568e-10+1.15370061e-09j  0.00000000e+00-7.32566998e-10j\n",
      "  -5.41293160e-10-2.25055037e-10j  4.97619373e-10-2.81032522e-10j]\n",
      " [-2.28981008e-10+4.18871340e-10j  5.41293160e-10-2.25055037e-10j\n",
      "   0.00000000e+00-6.33149089e-12j -1.03084263e-10-1.30265451e-10j]\n",
      " [ 4.01229394e-10+1.12180603e-10j -4.97619373e-10-2.81032522e-10j\n",
      "   1.03084263e-10-1.30265451e-10j  0.00000000e+00+2.28311318e-10j]]\n",
      "31\n",
      "[[ 0.00000000e+00+5.47230927e-10j  1.13311708e-09+1.17339318e-09j\n",
      "   3.13302283e-10+4.76154926e-10j -4.33929146e-10+1.72512855e-11j]\n",
      " [-1.13311708e-09+1.17339318e-09j  0.00000000e+00-8.25273769e-10j\n",
      "  -5.34929774e-10-3.83090921e-10j  3.48584836e-10-2.75468369e-10j]\n",
      " [-3.13302283e-10+4.76154926e-10j  5.34929774e-10-3.83090921e-10j\n",
      "   0.00000000e+00-8.34258079e-11j -3.17622356e-10-1.76398132e-11j]\n",
      " [ 4.33929146e-10+1.72512855e-11j -3.48584836e-10-2.75468369e-10j\n",
      "   3.17622356e-10-1.76398132e-11j  0.00000000e+00+3.61468636e-10j]]\n",
      "32\n",
      "[[ 0.00000000e+00+5.91792490e-10j  1.28224996e-09+1.15991388e-09j\n",
      "   3.80673075e-10+5.08199495e-10j -4.48003972e-10-8.51824548e-11j]\n",
      " [-1.28224996e-09+1.15991388e-09j  0.00000000e+00-9.25730125e-10j\n",
      "  -5.11592345e-10-5.23292992e-10j  1.71365614e-10-2.77994097e-10j]\n",
      " [-3.80673075e-10+5.08199495e-10j  5.11592345e-10-5.23292992e-10j\n",
      "   0.00000000e+00-1.66444344e-10j -5.20669993e-10+1.22612268e-10j]\n",
      " [ 4.48003972e-10-8.51824548e-11j -1.71365614e-10-2.77994097e-10j\n",
      "   5.20669993e-10+1.22612268e-10j  0.00000000e+00+5.00381993e-10j]]\n",
      "33\n",
      "[[ 0.00000000e+00+6.42380045e-10j  1.38249430e-09+1.11426340e-09j\n",
      "   4.31377420e-10+5.12559918e-10j -4.43166750e-10-1.93992664e-10j]\n",
      " [-1.38249430e-09+1.11426340e-09j  0.00000000e+00-1.03200146e-09j\n",
      "  -4.77048675e-10-6.40601003e-10j -2.89971033e-11-2.97127772e-10j]\n",
      " [-4.31377420e-10+5.12559918e-10j  4.77048675e-10-6.40601003e-10j\n",
      "   0.00000000e+00-2.55125556e-10j -7.05177958e-10+2.84588866e-10j]\n",
      " [ 4.43166750e-10-1.93992664e-10j  2.89971033e-11-2.97127772e-10j\n",
      "   7.05177958e-10+2.84588866e-10j  0.00000000e+00+6.44746968e-10j]]\n",
      "34\n",
      "[[ 0.00000000e+00+6.96595372e-10j  1.43189025e-09+1.03876998e-09j\n",
      "   4.66608767e-10+4.89508722e-10j -4.19004008e-10-3.07170848e-10j]\n",
      " [-1.43189025e-09+1.03876998e-09j  0.00000000e+00-1.14066852e-09j\n",
      "  -4.36744351e-10-7.31166858e-10j -2.45520364e-10-3.39758713e-10j]\n",
      " [-4.66608767e-10+4.89508722e-10j  4.36744351e-10-7.31166858e-10j\n",
      "   0.00000000e+00-3.47661497e-10j -8.65964744e-10+4.60257346e-10j]\n",
      " [ 4.19004008e-10-3.07170848e-10j  2.45520364e-10-3.39758713e-10j\n",
      "   8.65964744e-10+4.60257346e-10j  0.00000000e+00+7.91734650e-10j]]\n",
      "35\n",
      "[[ 0.00000000e+00+7.51730019e-10j  1.43087520e-09+9.36722055e-10j\n",
      "   4.88338474e-10+4.42000578e-10j -3.75069835e-10-4.21740289e-10j]\n",
      " [-1.43087520e-09+9.36722055e-10j  0.00000000e+00-1.24688901e-09j\n",
      "  -3.95192878e-10-7.92723434e-10j -4.69426891e-10-4.10295796e-10j]\n",
      " [-4.88338474e-10+4.42000578e-10j  3.95192878e-10-7.92723434e-10j\n",
      "   0.00000000e+00-4.40730820e-10j -9.99928595e-10+6.39938297e-10j]\n",
      " [ 3.75069835e-10-4.21740289e-10j  4.69426891e-10-4.10295796e-10j\n",
      "   9.99928595e-10+6.39938297e-10j  0.00000000e+00+9.35889803e-10j]]\n",
      "36\n",
      "[[ 0.00000000e+00+8.04939712e-10j  1.38223520e-09+8.11876789e-10j\n",
      "   4.99189481e-10+3.75363685e-10j -3.11102697e-10-5.33766203e-10j]\n",
      " [-1.38223520e-09+8.11876789e-10j  0.00000000e+00-1.34461043e-09j\n",
      "  -3.55582402e-10-8.24848334e-10j -6.90442733e-10-5.10001442e-10j]\n",
      " [-4.99189481e-10+3.75363685e-10j  3.55582402e-10-8.24848334e-10j\n",
      "   0.00000000e+00-5.29691575e-10j -1.10599099e-09+8.12927867e-10j]\n",
      " [ 3.11102697e-10-5.33766203e-10j  6.90442733e-10-5.10001442e-10j\n",
      "   1.10599099e-09+8.12927867e-10j  0.00000000e+00+1.06936231e-09j]]\n",
      "37\n",
      "[[ 0.00000000e+00+8.53360202e-10j  1.29091160e-09+6.67942576e-10j\n",
      "   5.02283510e-10+2.96752657e-10j -2.27317890e-10-6.38499746e-10j]\n",
      " [-1.29091160e-09+6.67942576e-10j  0.00000000e+00-1.42689658e-09j\n",
      "  -3.19601151e-10-8.29107052e-10j -8.97236030e-10-6.36588816e-10j]\n",
      " [-5.02283510e-10+2.96752657e-10j  3.19601151e-10-8.29107052e-10j\n",
      "   0.00000000e+00-6.08903303e-10j -1.18478816e-09+9.68196589e-10j]\n",
      " [ 2.27317890e-10-6.38499746e-10j  8.97236030e-10-6.36588816e-10j\n",
      "   1.18478816e-09+9.68196589e-10j  0.00000000e+00+1.18243967e-09j]]\n",
      "38\n",
      "[[ 0.00000000e+00+8.94144508e-10j  1.16365540e-09+5.08088269e-10j\n",
      "   5.01021192e-10+2.14403740e-10j -1.24718593e-10-7.30610661e-10j]\n",
      " [-1.16365540e-09+5.08088269e-10j  0.00000000e+00-1.48633824e-09j\n",
      "  -2.87485402e-10-8.09029439e-10j -1.07798634e-09-7.84160582e-10j]\n",
      " [-5.01021192e-10+2.14403740e-10j  2.87485402e-10-8.09029439e-10j\n",
      "   0.00000000e+00-6.72159080e-10j -1.23820741e-09+1.09513934e-09j]\n",
      " [ 1.24718593e-10-7.30610661e-10j  1.07798634e-09-7.84160582e-10j\n",
      "   1.23820741e-09+1.09513934e-09j  0.00000000e+00+1.26435282e-09j]]\n",
      "39\n",
      "[[ 0.00000000e+00+9.24402398e-10j  1.00854698e-09+3.34606632e-10j\n",
      "   4.98770653e-10+1.36769667e-10j -5.34261394e-12-8.04529870e-10j]\n",
      " [-1.00854698e-09+3.34606632e-10j  0.00000000e+00-1.51548669e-09j\n",
      "  -2.58222891e-10-7.69926818e-10j -1.22106336e-09-9.43530096e-10j]\n",
      " [-4.98770653e-10+1.36769667e-10j  2.58222891e-10-7.69926818e-10j\n",
      "   0.00000000e+00-7.13188189e-10j -1.26883483e-09+1.18433138e-09j]\n",
      " [ 5.34261394e-12-8.04529870e-10j  1.22106336e-09-9.43530096e-10j\n",
      "   1.26883483e-09+1.18433138e-09j  0.00000000e+00+1.30427249e-09j]]\n",
      "40\n",
      "[[ 0.00000000e+00+9.41066024e-10j  8.34411994e-10+1.48806399e-10j\n",
      "   4.98436210e-10+7.15963816e-11j  1.27596675e-10-8.54868783e-10j]\n",
      " [-8.34411994e-10+1.48806399e-10j  0.00000000e+00-1.50728102e-09j\n",
      "  -2.29863899e-10-7.18550306e-10j -1.31580854e-09-1.10294654e-09j]\n",
      " [-4.98436210e-10+7.15963816e-11j  2.29863899e-10-7.18550306e-10j\n",
      "   0.00000000e+00-7.26201583e-10j -1.27942393e-09+1.22824987e-09j]\n",
      " [-1.27596675e-10-8.54868783e-10j  1.31580854e-09-1.10294654e-09j\n",
      "   1.27942393e-09+1.22824987e-09j  0.00000000e+00+1.29241659e-09j]]\n",
      "41\n",
      "[[ 0.00000000e+00+9.40723256e-10j  6.50193687e-10-4.88074581e-11j\n",
      "   5.01947118e-10+2.50303910e-11j  2.69732466e-10-8.76906282e-10j]\n",
      " [-6.50193687e-10-4.88074581e-11j  0.00000000e+00-1.45546752e-09j\n",
      "  -1.99869938e-10-6.62596119e-10j -1.35336272e-09-1.24920247e-09j]\n",
      " [-5.01947118e-10+2.50303910e-11j  1.99869938e-10-6.62596119e-10j\n",
      "   0.00000000e+00-7.06438096e-10j -1.27243171e-09+1.22191852e-09j]\n",
      " [-2.69732466e-10-8.76906282e-10j  1.35336272e-09-1.24920247e-09j\n",
      "   1.27243171e-09+1.22191852e-09j  0.00000000e+00+1.22118238e-09j]]\n",
      "42\n",
      "[[ 0.00000000e+00+9.19483469e-10j  4.64321855e-10-2.58067958e-10j\n",
      "   5.09729252e-10+8.34270153e-13j  4.15730813e-10-8.67116962e-10j]\n",
      " [-4.64321855e-10-2.58067958e-10j  0.00000000e+00-1.35497570e-09j\n",
      "  -1.65447153e-10-6.10097623e-10j -1.32749949e-09-1.36904810e-09j]\n",
      " [-5.09729252e-10+8.34270153e-13j  1.65447153e-10-6.10097623e-10j\n",
      "   0.00000000e+00-6.50677769e-10j -1.24969748e-09+1.16342299e-09j]\n",
      " [-4.15730813e-10-8.67116962e-10j  1.32749949e-09-1.36904810e-09j\n",
      "   1.24969748e-09+1.16342299e-09j  0.00000000e+00+1.08616999e-09j]]\n",
      "43\n",
      "[[ 0.00000000e+00+8.72968836e-10j  2.84160057e-10-4.78441173e-10j\n",
      "   5.20267144e-10-2.08732337e-13j  5.59636221e-10-8.23716114e-10j]\n",
      " [-2.84160057e-10-4.78441173e-10j  0.00000000e+00-1.20231805e-09j\n",
      "  -1.23845463e-10-5.68731922e-10j -1.23536609e-09-1.45079209e-09j]\n",
      " [-5.20267144e-10-2.08732337e-13j  1.23845463e-10-5.68731922e-10j\n",
      "   0.00000000e+00-5.57669270e-10j -1.21226993e-09+1.05424461e-09j]\n",
      " [-5.59636221e-10-8.23716114e-10j  1.23536609e-09-1.45079209e-09j\n",
      "   1.21226993e-09+1.05424461e-09j  0.00000000e+00+8.87018476e-10j]]\n",
      "44\n",
      "[[ 0.00000000e+00+7.96506770e-10j  1.15567337e-10-7.08203095e-10j\n",
      "   5.29916393e-10+1.93911796e-11j  6.95316642e-10-7.47144173e-10j]\n",
      " [-1.15567337e-10-7.08203095e-10j  0.00000000e+00-9.96017256e-10j\n",
      "  -7.26150490e-11-5.45111376e-10j -1.07804545e-09-1.48590102e-09j]\n",
      " [-5.29916393e-10+1.93911796e-11j  7.26150490e-11-5.45111376e-10j\n",
      "   0.00000000e+00-4.28411076e-10j -1.16038293e-09+8.99351055e-10j]\n",
      " [-6.95316642e-10-7.47144173e-10j  1.07804545e-09-1.48590102e-09j\n",
      "   1.16038293e-09+8.99351055e-10j  0.00000000e+00+6.27921562e-10j]]\n",
      "45\n",
      "[[ 0.00000000e+00+6.85582369e-10j -3.73556602e-11-9.43686294e-10j\n",
      "   5.33057570e-10+5.38606867e-11j  8.16942691e-10-6.40432511e-10j]\n",
      " [ 3.73556602e-11-9.43686294e-10j  0.00000000e+00-7.37071444e-10j\n",
      "  -9.83416473e-12-5.44099863e-10j -8.60826212e-10-1.47038635e-09j]\n",
      " [-5.33057570e-10+5.38606867e-11j  9.83416473e-12-5.44099863e-10j\n",
      "   0.00000000e+00-2.66247059e-10j -1.09356034e-09+7.06972477e-10j]\n",
      " [-8.16942691e-10-6.40432511e-10j  8.60826212e-10-1.47038635e-09j\n",
      "   1.09356034e-09+7.06972477e-10j  0.00000000e+00+3.17736150e-10j]]\n",
      "46\n",
      "[[ 0.00000000e+00+5.36552840e-10j -1.72315291e-10-1.17877249e-09j\n",
      "   5.22698934e-10+9.46216005e-11j  9.19421231e-10-5.09357286e-10j]\n",
      " [ 1.72315291e-10-1.17877249e-09j  0.00000000e+00-4.29431461e-10j\n",
      "   6.56579843e-11-5.68242305e-10j -5.93098874e-10-1.40573554e-09j]\n",
      " [-5.22698934e-10+9.46216005e-11j -6.56579843e-11-5.68242305e-10j\n",
      "   0.00000000e+00-7.67478147e-11j -1.01081235e-09+4.88055589e-10j]\n",
      " [-9.19421231e-10-5.09357286e-10j  5.93098874e-10-1.40573554e-09j\n",
      "   1.01081235e-09+4.88055589e-10j  0.00000000e+00-3.03735752e-11j]]\n",
      "47\n",
      "[[ 0.00000000e+00+3.47536399e-10j -2.88655457e-10-1.40481462e-09j\n",
      "   4.91479176e-10+1.31164062e-10j  9.98709965e-10-3.62308551e-10j]\n",
      " [ 2.88655457e-10-1.40481462e-09j  0.00000000e+00-8.04044088e-11j\n",
      "   1.54017955e-10-6.17367924e-10j -2.87846833e-10-1.29918128e-09j]\n",
      " [-4.91479176e-10+1.31164062e-10j -1.54017955e-10-6.17367924e-10j\n",
      "   0.00000000e+00+1.32646862e-10j -9.10887683e-10+2.55391049e-10j]\n",
      " [-9.98709965e-10-3.62308551e-10j  2.87846833e-10-1.29918128e-09j\n",
      "   9.10887683e-10+2.55391049e-10j  0.00000000e+00-3.99778873e-10j]]\n",
      "48\n",
      "[[ 0.00000000e+00+1.19352077e-10j -3.86998864e-10-1.61107017e-09j\n",
      "   4.32968127e-10+1.52321499e-10j  1.05196597e-09-2.09828164e-10j]\n",
      " [ 3.86998864e-10-1.61107017e-09j  0.00000000e+00+2.99141243e-10j\n",
      "   2.54149948e-10-6.88436318e-10j  3.92435767e-11-1.16319970e-09j]\n",
      " [-4.32968127e-10+1.52321499e-10j -2.54149948e-10-6.88436318e-10j\n",
      "   0.00000000e+00+3.53158365e-10j -7.92556073e-10+2.24905199e-11j]\n",
      " [-1.05196597e-09-2.09828164e-10j -3.92435767e-11-1.16319970e-09j\n",
      "   7.92556073e-10+2.24905199e-11j  0.00000000e+00-7.71651680e-10j]]\n",
      "49\n",
      "[[ 0.00000000e+00-1.43702033e-10j -4.68762237e-10-1.78563819e-09j\n",
      "   3.43023913e-10+1.47794433e-10j  1.07752756e-09-6.38437202e-11j]\n",
      " [ 4.68762237e-10-1.78563819e-09j  0.00000000e+00+6.94901374e-10j\n",
      "   3.63496512e-10-7.75660557e-10j  3.70954317e-10-1.01420425e-09j]\n",
      " [-3.43023913e-10+1.47794433e-10j -3.63496512e-10-7.75660557e-10j\n",
      "   0.00000000e+00+5.75320385e-10j -6.54874920e-10-1.97641643e-10j]\n",
      " [-1.07752756e-09-6.38437202e-11j -3.70954317e-10-1.01420425e-09j\n",
      "   6.54874920e-10-1.97641643e-10j  0.00000000e+00-1.12651970e-09j]]\n",
      "50\n",
      "[[ 0.00000000e+00-4.33424928e-10j -5.35632573e-10-1.91675854e-09j\n",
      "   2.20940492e-10+1.09735587e-10j  1.07474007e-09+6.33377066e-11j]\n",
      " [ 5.35632573e-10-1.91675854e-09j  0.00000000e+00+1.08970857e-09j\n",
      "   4.77927833e-10-8.70924660e-10j  6.89830615e-10-8.70644196e-10j]\n",
      " [-2.20940492e-10+1.09735587e-10j -4.77927833e-10-8.70924660e-10j\n",
      "   0.00000000e+00+7.89642149e-10j -4.97451198e-10-3.93692301e-10j]\n",
      " [-1.07474007e-09+6.33377066e-11j -6.89830615e-10-8.70644196e-10j\n",
      "   4.97451198e-10-3.93692301e-10j  0.00000000e+00-1.44592579e-09j]]\n",
      "51\n",
      "[[ 0.00000000e+00-7.37785315e-10j -5.89105952e-10-1.99423452e-09j\n",
      "   7.01300077e-11+3.41267379e-11j  1.04369876e-09+1.60116087e-10j]\n",
      " [ 5.89105952e-10-1.99423452e-09j  0.00000000e+00+1.46456424e-09j\n",
      "   5.91797731e-10-9.64472811e-10j  9.79441946e-10-7.50733687e-10j]\n",
      " [-7.01300077e-11+3.41267379e-11j -5.91797731e-10-9.64472811e-10j\n",
      "   0.00000000e+00+9.87190597e-10j -3.20670785e-10-5.56964586e-10j]\n",
      " [-1.04369876e-09+1.60116087e-10j -9.79441946e-10-7.50733687e-10j\n",
      "   3.20670785e-10-5.56964586e-10j  0.00000000e+00-1.71396950e-09j]]\n",
      "52\n",
      "[[ 0.00000000e+00-1.04154543e-09j -6.30181986e-10-2.01071730e-09j\n",
      "  -1.01824093e-10-7.82885128e-11j  9.84976240e-10+2.16632046e-10j]\n",
      " [ 6.30181986e-10-2.01071730e-09j  0.00000000e+00+1.80007148e-09j\n",
      "   6.98222351e-10-1.04577969e-09j  1.22543638e-09-6.70217309e-10j]\n",
      " [ 1.01824093e-10-7.82885128e-11j -6.98222351e-10-1.04577969e-09j\n",
      "   0.00000000e+00+1.16000338e-09j -1.25898018e-10-6.81941052e-10j]\n",
      " [-9.84976240e-10+2.16632046e-10j -1.22543638e-09-6.70217309e-10j\n",
      "   1.25898018e-10-6.81941052e-10j  0.00000000e+00-1.91852944e-09j]]\n",
      "53\n",
      "[[ 0.00000000e+00-1.32738619e-09j -6.59234972e-10-1.96259318e-09j\n",
      "  -2.83783025e-10-2.21715740e-10j  8.99401687e-10+2.25589486e-10j]\n",
      " [ 6.59234972e-10-1.96259318e-09j  0.00000000e+00+2.07810379e-09j\n",
      "   7.89581184e-10-1.10452365e-09j  1.41631768e-09-6.40506374e-10j]\n",
      " [ 2.83783025e-10-2.21715740e-10j -7.89581184e-10-1.10452365e-09j\n",
      "   0.00000000e+00+1.30130470e-09j  8.43552225e-11-7.66374648e-10j]\n",
      " [-8.99401687e-10+2.25589486e-10j -1.41631768e-09-6.40506374e-10j\n",
      "  -8.43552225e-11-7.66374648e-10j  0.00000000e+00-2.05202229e-09j]]\n",
      "54\n",
      "[[ 0.00000000e+00-1.57735656e-09j -6.76091780e-10-1.85032323e-09j\n",
      "  -4.62226481e-10-3.85725283e-10j  7.87931833e-10+1.82778362e-10j]\n",
      " [ 6.76091780e-10-1.85032323e-09j  0.00000000e+00+2.28345850e-09j\n",
