 0.015585365559780  0.035259131149204  0.011000757555446
 0.035259131149204 -0.042211471726169 -0.013955269609444
 0.011000757555446 -0.013955269609444  0.026626107949531
 0.023217209859221  0.036560636738568 -0.022752507512289
 0.036560636738568  0.044960737249763 -0.000522351738825
-0.022752507512289 -0.000522351738825 -0.068177933649897
-0.058008682925707 -0.054362166286479  0.016685662568383
-0.054362166286479  0.023377355099736  0.047688841295691
 0.016685662568383  0.047688841295691  0.034631311043125
 0.009907012288900 -0.063409049246495 -0.032330863625624
-0.063409049246495  0.042835478744795 -0.010611167370694
-0.032330863625624 -0.010611167370694 -0.052742489113545
-0.009898424688888 -0.001029399398183 -0.015716635658799
-0.001029399398183  0.043635440991266  0.017736338865885
-0.015716635658799  0.017736338865885 -0.033737013267452
-0.016289362108862 -0.024483880917734 -0.018250781024394
-0.024483880917734 -0.000674123592790  0.006038681613940
-0.018250781024394  0.006038681613940  0.016963482391064
 0.021112115496019  0.054920172063621 -0.000086943610462
 0.054920172063621 -0.024939610539211 -0.015742850056192
-0.000086943610462 -0.015742850056192  0.003827503063381
-0.001142595584858  0.020015193877031 -0.026407241014226
 0.020015193877031  0.029925068959791  0.006610937534566
-0.026407241014226  0.006610937534566 -0.028782465832654
 0.032378032547985  0.039087955236860 -0.052707196808915
 0.039087955236860 -0.054707141555157 -0.049984296649321
-0.052707196808915 -0.049984296649321  0.022329122826823
