 0.042751810299813 -0.025436008780807 -0.056349367535880
-0.025436008780807  0.021703130704791  0.031233130354916
-0.056349367535880  0.031233130354916 -0.064454939258975
-0.022788407464701 -0.006632656450754  0.042909895376400
-0.006632656450754 -0.035928959230692 -0.044675320274518
 0.042909895376400 -0.044675320274518  0.058717376855563
 0.024500972195387  0.041936564835371  0.041224987092905
 0.041936564835371 -0.101322435108730  0.003786169476626
 0.041224987092905  0.003786169476626  0.076821449318336
-0.033275564946888  0.021678366281647  0.007733399340151
 0.021678366281647  0.032787327569805 -0.009241322280309
 0.007733399340151 -0.009241322280309  0.000488239385873
-0.019846586639056  0.014579623163559  0.060138590852569
 0.014579623163559 -0.068315475164198 -0.040106414879853
 0.060138590852569 -0.040106414879853  0.088162063608530
 0.022995185862817  0.009496302755876  0.002709144063791
 0.009496302755876 -0.054486450329892  0.000043553853827
 0.002709144063791  0.000043553853827  0.031491261848962
 0.003911286910514 -0.028301004513052 -0.013570038445132
-0.028301004513052  0.013818801763461 -0.005415877630099
-0.013570038445132 -0.005415877630099 -0.017730082513419
-0.022010881289572  0.001208608524930  0.058320084862226
 0.001208608524930 -0.068722417995582 -0.048926373169040
 0.058320084862226 -0.048926373169040  0.090733304523887
 0.002486636148089 -0.042252899826727 -0.033451810252184
-0.042252899826727  0.016972836232387 -0.014533972963415
-0.033451810252184 -0.014533972963415 -0.019459461420416
